samples	represented_reads	min_substantive_abundance_reason	maximum_variation_allowed_reason
EP_A_AREN_EG_8654	13623	2866	922
EP_A_AREN_EG_8698	9129	2830	486
EP_A_AREN_GL_8465	6102	1361	322
EP_A_AREN_GL_8507	17106	5845	675
EP_A_AREN_GL_8508	6082	1893	335
EP_A_AREN_GL_8515	5174	1168	258
EP_A_AREN_GL_8520	6130	2449	309
EP_A_AREN_GL_8624	12986	2134	474
EP_A_AREN_GL_8625	20925	7974	1304
EP_A_AREN_GL_8626	11079	1082	276
EP_A_AREN_GL_8627	6170	837	158
EP_A_AREN_GL_8650	12188	3612	611
EP_A_AREN_GL_8651	10993	993	634
EP_A_AREN_GL_8652	11944	1935	275
EP_A_AREN_GL_8654	185675	28218	7069
EP_A_AREN_GL_8658	6733	1593	376
EP_A_AREN_GL_8697	17757	2348	356
EP_A_AREN_GL_8698	12460	1053	217
EP_A_AREN_GL_8699	11679	3874	533
EP_A_AREN_HP_8465	9655	1137	234
EP_A_AREN_HP_8507	13432	7440	2059
EP_A_AREN_HP_8508	3771	2874	1606
EP_A_AREN_HP_8515	12954	2464	580
EP_A_AREN_HP_8520	8453	888	295
EP_A_AREN_HP_8624	9766	2043	598
EP_A_AREN_HP_8626	19972	2398	532
EP_A_AREN_HP_8627	7497	1154	331
EP_A_AREN_HP_8650	17899	1268	432
EP_A_AREN_HP_8651	6228	2219	846
EP_A_AREN_HP_8652	9340	1203	287
EP_A_AREN_HP_8654	12697	1044	229
EP_A_AREN_HP_8658	4796	1690	360
EP_A_AREN_HP_8697	15550	1182	199
EP_A_AREN_HP_8698	132902	29824	13056
EP_A_AREN_HP_8699	11262	4866	1188
EP_A_AREN_HP_9195	28235	9439	1299
EP_A_AREN_MG_8465	3888	1749	346
EP_A_AREN_MG_8507	12576	10478	2205
EP_A_AREN_MG_8508	6225	4456	1468
EP_A_AREN_MG_8515	7261	1862	523
EP_A_AREN_MG_8520	8927	2794	1196
EP_A_AREN_MG_8624	5257	3736	1261
EP_A_AREN_MG_8627	5638	911	260
EP_A_AREN_MG_8650	6616	2779	1192
EP_A_AREN_MG_8651	9817	900	334
EP_A_AREN_MG_8652	8398	3326	1129
EP_A_AREN_MG_8654	6562	871	261
EP_A_AREN_MG_8699	7854	4341	1153
EP_A_AREN_ST_8465	5493	953	242
EP_A_AREN_ST_8507	12410	12378	1881
EP_A_AREN_ST_8508	7061	2316	497
EP_A_AREN_ST_8515	6049	2541	838
EP_A_AREN_ST_8520	13226	628	100
EP_A_AREN_ST_8624	13962	1631	317
EP_A_AREN_ST_8627	2033	1209	227
EP_A_AREN_ST_8650	13606	12384	914
EP_A_AREN_ST_8652	13996	1650	526
EP_A_AREN_ST_8654	11940	2986	705
EP_A_AREN_ST_8697	11959	2139	472
EP_A_AREN_ST_8699	8521	750	130
EP_A_FASC_EG_8989	15383	2465	818
EP_A_FASC_EG_9019	13456	2623	970
EP_A_FASC_EG_9053	8081	2061	473
EP_A_FASC_GL_8614	32899	18828	7401
EP_A_FASC_GL_9016	4223	1044	256
EP_A_FASC_GL_9019	12533	2644	609
EP_A_FASC_GL_9020	14103	2436	407
EP_A_FASC_GL_9051	7586	2482	338
EP_A_FASC_HP_9020	23359	2083	212
EP_A_FASC_HP_9056	27352	4675	867
EP_A_FASC_HP_9107	115123	22852	5094
EP_A_FASC_MG_9051	150590	34469	8341
EP_A_FASC_MG_9056	27917	2281	287
EP_A_FASC_ST_8614	38950	6659	1021
EP_A_FASC_ST_8989	14009	4250	741
EP_A_FASC_ST_9052	2201	249	52
EP_A_GALA_EG_9164	11211	9140	2161
EP_A_GALA_GL_7367	10504	5050	772
EP_A_GALA_GL_8978	9515	6552	1318
EP_A_GALA_GL_9003	33425	10374	1597
EP_A_GALA_GL_9079	9253	4937	505
EP_A_GALA_HP_9003	13786	16048	4966
EP_A_GALA_MG_8970	37108	10779	652
EP_A_GALA_MG_9164	9634	1307	741
EP_A_GALA_MG_9186	11058	3684	849
EP_A_GALA_ST_8971	18827	3910	550
EP_A_GALA_ST_9164	14259	570	216
EP_A_GALA_ST_9186	14036	2301	799
EP_A_HEBE_GL_7359	20694	5471	808
EP_A_HEBE_HP_8986	7063	8667	7236
EP_A_HEBE_MG_8984	25943	552	79
EP_A_HYEY_EG_8955	3512	566	280
EP_A_HYEY_EG_8957	12546	2298	892
EP_A_HYEY_EG_8959	5698	3227	1303
EP_A_HYEY_EG_8962	11742	2845	900
EP_A_HYEY_EG_9013	8484	3245	818
EP_A_HYEY_EG_9045	18587	3754	782
EP_A_HYEY_EG_9199	13007	7085	1987
EP_A_HYEY_GL_8881	43952	7447	1619
EP_A_HYEY_GL_8955	8168	522	182
EP_A_HYEY_GL_8956	13025	2116	411
EP_A_HYEY_GL_8957	12949	7125	1018
EP_A_HYEY_GL_8958	13240	2743	514
EP_A_HYEY_GL_8959	9633	2244	773
EP_A_HYEY_GL_8960	4819	9408	1284
EP_A_HYEY_GL_8961	2838	4664	988
EP_A_HYEY_GL_8962	9560	1196	425
EP_A_HYEY_GL_8963	21227	2659	496
EP_A_HYEY_GL_8964	18328	7950	1276
EP_A_HYEY_GL_9009	11134	3328	473
EP_A_HYEY_GL_9011	18101	3566	1569
EP_A_HYEY_GL_9013	15732	2445	549
EP_A_HYEY_GL_9045	24957	1599	548
EP_A_HYEY_GL_9046	16073	4840	726
EP_A_HYEY_GL_9047	30097	1443	549
EP_A_HYEY_GL_9198	29875	6103	1456
EP_A_HYEY_GL_9199	4824	4009	771
EP_A_HYEY_HP_8955	6074	748	119
EP_A_HYEY_HP_8956	17487	1747	943
EP_A_HYEY_HP_8957	11394	617	142
EP_A_HYEY_HP_8958	12679	580	543
EP_A_HYEY_HP_8959	11569	945	467
EP_A_HYEY_HP_8962	4953	1025	218
EP_A_HYEY_HP_8963	22647	1140	224
EP_A_HYEY_HP_8964	19947	1396	335
EP_A_HYEY_HP_9009	7252	4957	1919
EP_A_HYEY_HP_9011	9357	4218	1679
EP_A_HYEY_HP_9013	17060	4569	876
EP_A_HYEY_HP_9045	21233	917	133
EP_A_HYEY_HP_9046	14706	7209	1868
EP_A_HYEY_HP_9047	39471	1957	703
EP_A_HYEY_HP_9198	14632	6087	1865
EP_A_HYEY_MG_8955	2731	171	83
EP_A_HYEY_MG_8957	9741	2544	170
EP_A_HYEY_MG_8963	21597	6858	1010
EP_A_HYEY_MG_8964	16988	4826	488
EP_A_HYEY_MG_9009	17605	2097	294
EP_A_HYEY_MG_9011	18543	1122	259
EP_A_HYEY_MG_9013	21180	2109	119
EP_A_HYEY_MG_9046	11866	4549	136
EP_A_HYEY_MG_9047	21965	5807	432
EP_A_HYEY_ST_8881	18063	9803	1597
EP_A_HYEY_ST_8955	2201	994	483
EP_A_HYEY_ST_8956	10861	2801	537
EP_A_HYEY_ST_8957	11503	925	254
EP_A_HYEY_ST_8958	17108	3503	909
EP_A_HYEY_ST_8962	4243	1703	400
EP_A_HYEY_ST_8963	14728	7532	1232
EP_A_HYEY_ST_8964	22810	5201	1192
EP_A_HYEY_ST_9009	9083	8698	1968
EP_A_HYEY_ST_9011	15867	13972	2471
EP_A_HYEY_ST_9013	10377	7306	563
EP_A_HYEY_ST_9045	28791	5405	956
EP_A_HYEY_ST_9046	9581	5305	1189
EP_A_HYEY_ST_9047	19522	2271	369
EP_A_HYEY_ST_9198	16930	10730	1861
EP_A_JAVI_EG_8943	21783	4723	1572
EP_A_JAVI_GL_7264	24824	894	348
EP_A_JAVI_GL_8357	7493	2167	483
EP_A_JAVI_GL_8981	3073	1723	395
EP_A_JAVI_HP_7281	7388	3278	1203
EP_A_JAVI_HP_8357	6520	2600	588
EP_A_JAVI_HP_8377	12239	962	290
EP_A_JAVI_HP_8379	5393	7233	2065
EP_A_JAVI_MG_7264	41033	4745	195
EP_A_JAVI_MG_8376	149872	28656	8515
EP_A_JAVI_ST_7270	27689	18832	2304
EP_A_JAVI_ST_7381	23927	9024	2041
EP_A_JAVI_ST_8357	170293	59333	15037
EP_A_PANA_GL_8951	19642	1599	427
EP_A_PANA_GL_9332	19230	1252	318
EP_A_PANA_MG_8952	19049	1289	427
EP_A_PANA_ST_9131	3050	585	116
EP_A_ROST_GL_9114	9579	2947	794
EP_A_ROST_MG_9114	12708	1406	552
EP_A_ROST_ST_9123	24426	5691	983
EP_A_SAXI_EG_8673	20368	4404	1690
EP_A_SAXI_EG_8686	11662	3924	2775
EP_A_SAXI_EG_9233	20242	1732	464
EP_A_SAXI_EG_9241	24295	2903	893
EP_A_SAXI_EG_9243	28027	4864	1022
EP_A_SAXI_EG_9245	11652	723	280
EP_A_SAXI_EG_9248	5753	583	220
EP_A_SAXI_EG_9249	18854	19823	4457
EP_A_SAXI_EG_9253	21648	3240	805
EP_A_SAXI_EG_9255	15574	3476	9134
EP_A_SAXI_GL_8497	27369	4830	374
EP_A_SAXI_GL_8612	12308	9102	2226
EP_A_SAXI_GL_8673	32661	1886	661
EP_A_SAXI_GL_8678	9186	2098	322
EP_A_SAXI_GL_8686	20601	1522	850
EP_A_SAXI_GL_9233	31015	3922	1228
EP_A_SAXI_GL_9239	4226	428	87
EP_A_SAXI_GL_9241	19822	694	124
EP_A_SAXI_GL_9243	17345	616	204
EP_A_SAXI_GL_9245	19439	514	66
EP_A_SAXI_GL_9247	25127	9723	1608
EP_A_SAXI_GL_9248	7543	1047	162
EP_A_SAXI_GL_9249	19497	1077	261
EP_A_SAXI_GL_9250	25438	524	61
EP_A_SAXI_GL_9253	26993	4509	458
EP_A_SAXI_GL_9255	20217	5151	1030
EP_A_SAXI_GL_9257	20178	5612	1034
EP_A_SAXI_GL_9259	11564	12736	3920
EP_A_SAXI_GL_9261	21711	2697	1622
EP_A_SAXI_GL_9263	2896	266	64
EP_A_SAXI_HP_8673	39506	1036	444
EP_A_SAXI_HP_8678	44103	860	84
EP_A_SAXI_HP_9233	8222	406	56
EP_A_SAXI_HP_9239	2494	762	361
EP_A_SAXI_HP_9241	15179	6453	3828
EP_A_SAXI_HP_9243	3843	1119	205
EP_A_SAXI_HP_9245	16346	736	119
EP_A_SAXI_HP_9247	5417	3042	711
EP_A_SAXI_HP_9248	5136	1006	179
EP_A_SAXI_HP_9250	3550	1052	379
EP_A_SAXI_HP_9253	4837	2565	696
EP_A_SAXI_HP_9255	9484	2242	2536
EP_A_SAXI_HP_9261	8736	756	492
EP_A_SAXI_MG_8497	31744	686	92
EP_A_SAXI_MG_9233	27184	7716	1253
EP_A_SAXI_MG_9239	1653	3294	276
EP_A_SAXI_MG_9241	19481	10156	1076
EP_A_SAXI_MG_9243	13533	6632	1792
EP_A_SAXI_MG_9245	8444	6828	944
EP_A_SAXI_MG_9247	19167	15510	3637
EP_A_SAXI_MG_9249	13465	5004	870
EP_A_SAXI_MG_9253	18272	7811	1364
EP_A_SAXI_MG_9257	11274	9299	2262
EP_A_UMBO_GL_8691	5965	2602	430
EP_A_UMBO_GL_9127	26229	27485	6928
EP_A_UMBO_HP_8691	7012	1671	501
EP_A_UMBO_MG_8691	165724	24252	5684
EP_A_UMBO_ST_8693	26076	2706	268
EP_A_UTRI_EG_9268	16303	12207	1917
EP_A_UTRI_GL_8483	7368	3001	1097
EP_A_UTRI_GL_9067	19928	10147	1758
EP_A_UTRI_GL_9071	2747	4732	931
EP_A_UTRI_GL_9188	11838	3764	1149
EP_A_UTRI_GL_9267	11207	5218	2163
EP_A_UTRI_GL_9268	17279	7741	1735
EP_A_UTRI_GL_9269	2602	2091	519
EP_A_UTRI_GL_9271	3962	2746	545
EP_A_UTRI_GL_9272	11063	11291	2495
EP_A_UTRI_HP_9188	8553	5275	3724
EP_A_UTRI_HP_9267	13857	11935	4122
EP_A_UTRI_HP_9268	19144	15332	3288
EP_A_UTRI_HP_9270	10505	1860	497
EP_A_UTRI_MG_9135	2729	3936	779
EP_A_UTRI_MG_9187	1916	3323	1141
EP_A_UTRI_MG_9188	10663	4544	854
EP_A_UTRI_MG_9267	7702	9864	2789
EP_A_UTRI_MG_9268	22816	3489	827
EP_A_UTRI_ST_8483	125019	35261	13744
EP_A_UTRI_ST_9188	10813	1993	477
EP_A_UTRI_ST_9267	2207	3904	1158
EP_UNKN_EG_8158	25841	16191	5967
EP_UNKN_GL_8158	22929	6108	941
EP_UNKN_HP_8158	46086	2964	844
EP_UNKN_MG_8158	28695	6163	2171
EP_UNKN_ST_8158	30034	4908	1321
WA_A_BAHA_GL_7472	24941	6401	442
WA_A_BAHA_GL_7474	590	181	61
WA_A_BAHA_GL_7475	7372	918	191
WA_A_BAHA_GL_7476	13809	2938	747
WA_A_BAHA_GL_7477	19334	4280	1464
WA_A_BAHA_GL_7478	17084	6227	2085
WA_A_BAHA_GL_7501	6107	4852	2065
WA_A_BAHA_GL_7513	10817	3993	898
WA_A_BAHA_GL_7514	11333	1721	439
WA_A_BAHA_GL_7515	8617	3857	1574
WA_A_BAHA_GL_7516	64184	12913	4129
WA_A_BAHA_GL_7652	7516	1495	1154
WA_A_BAHA_GL_7656	7217	2008	719
WA_A_BAHA_HP_7470	14486	3307	406
WA_A_BAHA_HP_7472	7899	7192	1137
WA_A_BAHA_HP_7475	7180	8056	1811
WA_A_BAHA_HP_7476	10057	4810	1350
WA_A_BAHA_HP_7501	13473	1835	704
WA_A_BAHA_HP_7514	3450	1612	433
WA_A_BAHA_HP_7516	12367	10052	2874
WA_A_BAHA_MG_7471	4692	1386	292
WA_A_BAHA_MG_7475	37706	3940	738
WA_A_BAHA_ST_7472	19928	1180	399
WA_A_BAHA_ST_7475	16766	23093	4879
WA_A_BAHA_ST_7478	1172	1349	245
WA_A_BAHA_ST_7514	10871	3355	1713
WA_A_BAHA_ST_7516	21586	12049	6067
WA_A_BOUV_GL_7508	20568	6372	2137
WA_A_BOUV_GL_7581	5587	1140	653
WA_A_BOUV_GL_7582	30309	4229	2473
WA_A_BOUV_GL_7583	10588	4582	1534
WA_A_BOUV_GL_7584	12216	6623	1539
WA_A_BOUV_GL_7585	2049	923	454
WA_A_BOUV_GL_7588	2000	426	138
WA_A_BOUV_GL_7639	8908	1418	281
WA_A_BOUV_GL_7640	11099	901	325
WA_A_BOUV_GL_7642	13144	1498	292
WA_A_BOUV_GL_7643	5679	577	149
WA_A_BOUV_GL_7644	7864	2786	491
WA_A_BOUV_GL_7645	13884	1618	471
WA_A_BOUV_GL_7646	13915	2185	570
WA_A_BOUV_GL_7647	11871	1811	686
WA_A_BOUV_HP_7581	5349	1657	1174
WA_A_BOUV_HP_7582	9047	7974	2829
WA_A_BOUV_HP_7585	8335	3324	1080
WA_A_BOUV_HP_7586	15338	1038	203
WA_A_BOUV_HP_7639	8917	2689	125
WA_A_BOUV_HP_7642	13513	2173	67
WA_A_BOUV_HP_7643	7553	1869	1107
WA_A_BOUV_HP_7645	11678	2867	76
WA_A_BOUV_HP_7647	12568	2284	237
WA_A_BOUV_MG_7586	16323	941	220
WA_A_BOUV_MG_7643	6580	194	136
WA_A_BOUV_ST_7509	7679	5777	1174
WA_A_BOUV_ST_7581	10075	3279	1086
WA_A_BOUV_ST_7583	15575	8771	1451
WA_A_BOUV_ST_7642	5867	8339	517
WA_A_BOUV_ST_7643	10804	5654	1155
WA_A_BOUV_ST_7646	4193	6051	1039
WA_A_BOUV_ST_7647	8885	5732	1074
WA_A_CRIS_EG_7625	16780	2501	992
WA_A_CRIS_GL_7537	12697	2516	576
WA_A_CRIS_GL_7624	28490	7176	501
WA_A_CRIS_GL_7625	17970	9291	330
WA_A_CRIS_GL_9463	10170	5799	484
WA_A_CRIS_GL_9473	27602	1513	124
WA_A_CRIS_HP_7537	4505	1028	536
WA_A_CRIS_HP_9467	5417	5959	1827
WA_A_CRIS_MG_7636	23979	3665	1842
WA_A_CRIS_MG_9621	6819	7687	2413
WA_A_CRIS_ST_7537	5610	11542	2131
WA_A_FLOR_GL_7680	13470	4796	702
WA_A_FLOR_GL_7693	19909	4328	681
WA_A_FLOR_GL_7695	17031	3296	534
WA_A_FLOR_GL_7696	12477	2197	754
WA_A_FLOR_GL_7697	11817	7276	1245
WA_A_FLOR_GL_9648	15866	9737	1305
WA_A_FLOR_GL_9650	7758	7918	1735
WA_A_FLOR_GL_9651	4517	5277	1061
WA_A_FLOR_GL_9652	46720	7474	1810
WA_A_FLOR_GL_9654	1179	3452	840
WA_A_FLOR_GL_9655	18097	22817	2336
WA_A_FLOR_GL_9662	3972	5109	995
WA_A_FLOR_GL_9663	4658	6612	898
WA_A_FLOR_GL_9664	47426	5321	1212
WA_A_FLOR_HP_7680	9083	8510	1510
WA_A_FLOR_HP_7695	16239	9282	1119
WA_A_FLOR_HP_7696	3074	4661	752
WA_A_FLOR_HP_9648	6482	15100	2630
WA_A_FLOR_HP_9659	436	1929	374
WA_A_FLOR_HP_9664	43607	5811	820
WA_A_FLOR_MG_7693	13208	10586	1214
WA_A_FLOR_MG_7695	29557	2483	209
WA_A_FLOR_ST_7680	10051	8102	1628
WA_A_FLOR_ST_7695	13265	5977	852
WA_A_FLOR_ST_7696	9148	2933	365
WA_A_FLOR_ST_9658	13919	11037	2605
WA_A_FLOR_ST_9664	20031	24738	7363
WA_A_FORM_GL_7402	23714	3714	651
WA_A_FORM_GL_7403	10053	3033	236
WA_A_FORM_GL_7455	35725	3887	403
WA_A_FORM_GL_7456	8877	1862	540
WA_A_FORM_GL_7457	1542	310	65
WA_A_FORM_GL_7458	5916	3138	681
WA_A_FORM_GL_7550	10590	4873	413
WA_A_FORM_GL_7551	3254	520	120
WA_A_FORM_GL_7657	7449	3612	787
WA_A_FORM_GL_7658	8681	2856	478
WA_A_FORM_GL_7712	14273	3191	322
WA_A_FORM_GL_7713	6225	1588	211
WA_A_FORM_GL_7748	12634	2211	904
WA_A_FORM_GL_7753	25939	6671	1507
WA_A_FORM_GL_9400	13955	1628	605
WA_A_FORM_HP_7403	13254	459	176
WA_A_FORM_HP_7456	3637	877	181
WA_A_FORM_MG_7403	4651	2393	949
WA_A_FORM_MG_7551	24590	3591	459
WA_A_FORM_MG_7658	8659	4492	239
WA_A_FORM_ST_7403	9008	98	102
WA_A_FORM_ST_7713	2776	2530	592
WA_A_FORM_ST_9400	5549	377	22
WA_A_NUTT_EG_7525	3732	1690	351
WA_A_NUTT_EG_7526	14143	3532	1325
WA_A_NUTT_EG_7529	12926	7947	1712
WA_A_NUTT_GL_7389	29697	1534	164
WA_A_NUTT_GL_7426	19427	1494	487
WA_A_NUTT_GL_7428	27190	2249	398
WA_A_NUTT_GL_7429	34371	2877	665
WA_A_NUTT_GL_7430	1652	564	167
WA_A_NUTT_GL_7431	13209	843	149
WA_A_NUTT_GL_7491	10488	3245	427
WA_A_NUTT_GL_7492	22754	6460	1903
WA_A_NUTT_GL_7525	4837	708	145
WA_A_NUTT_GL_7526	15060	6678	1641
WA_A_NUTT_GL_7527	12373	2072	371
WA_A_NUTT_GL_7528	51699	30856	3467
WA_A_NUTT_GL_7529	14918	5715	1165
WA_A_NUTT_GL_9405	717	457	118
WA_A_NUTT_GL_9406	1981	1823	391
WA_A_NUTT_GL_9408	1697	352	61
WA_A_NUTT_GL_9409	21728	4461	406
WA_A_NUTT_GL_9410	5497	1150	238
WA_A_NUTT_GL_9459	13965	8075	1602
WA_A_NUTT_GL_9460	18821	4509	1011
WA_A_NUTT_HP_7389	9891	6321	1456
WA_A_NUTT_HP_7426	7517	4134	1991
WA_A_NUTT_HP_7428	6412	472	114
WA_A_NUTT_HP_7429	46269	4579	593
WA_A_NUTT_HP_7431	3871	2595	813
WA_A_NUTT_HP_7491	5599	744	250
WA_A_NUTT_HP_7492	9959	919	169
WA_A_NUTT_HP_7525	4933	186	36
WA_A_NUTT_HP_7526	13355	2555	289
WA_A_NUTT_HP_7527	16426	1037	239
WA_A_NUTT_HP_7528	29538	6006	2553
WA_A_NUTT_HP_7529	18479	667	290
WA_A_NUTT_HP_9409	12009	1446	264
WA_A_NUTT_HP_9460	20060	9809	2102
WA_A_NUTT_MG_7426	11913	2202	1040
WA_A_NUTT_MG_7428	30226	478	91
WA_A_NUTT_MG_7431	14899	1106	106
WA_A_NUTT_MG_7527	12831	1007	358
WA_A_NUTT_MG_7528	14523	784	1044
WA_A_NUTT_MG_9410	8348	648	308
WA_A_NUTT_MG_9459	31329	967	291
WA_A_NUTT_MG_9460	25114	12891	329
WA_A_NUTT_ST_7389	1183	1188	306
WA_A_NUTT_ST_7426	12118	4261	2665
WA_A_NUTT_ST_7428	12771	5795	1478
WA_A_NUTT_ST_7429	29099	6682	1228
WA_A_NUTT_ST_7430	818	827	224
WA_A_NUTT_ST_7431	15170	4848	2617
WA_A_NUTT_ST_7491	6450	2775	842
WA_A_NUTT_ST_7492	13561	4161	830
WA_A_NUTT_ST_7525	2113	1680	1349
WA_A_NUTT_ST_7526	10635	3758	976
WA_A_NUTT_ST_7527	15216	2695	661
WA_A_NUTT_ST_7528	10404	8292	3022
WA_A_NUTT_ST_7529	13861	3435	993
WA_A_NUTT_ST_9409	4278	1458	1114
WA_A_NUTT_ST_9460	22612	13000	2946
WA_A_PARA_EG_9364	16221	11359	4777
WA_A_PARA_EG_9486	34280	14242	3130
WA_A_PARA_GL_7405	2376	152	40
WA_A_PARA_GL_7453	33606	11133	1174
WA_A_PARA_GL_7459	9997	4785	749
WA_A_PARA_GL_7460	3137	98	23
WA_A_PARA_GL_7462	14150	1545	317
WA_A_PARA_GL_7464	25020	2859	339
WA_A_PARA_GL_7467	15490	2027	366
WA_A_PARA_GL_7706	6183	2106	650
WA_A_PARA_GL_7708	5257	1067	163
WA_A_PARA_GL_9364	13251	1215	426
WA_A_PARA_GL_9399	6487	1213	253
WA_A_PARA_GL_9474	216	98	13
WA_A_PARA_GL_9476	20642	875	148
WA_A_PARA_GL_9477	33051	5999	888
WA_A_PARA_GL_9478	27796	10419	2460
WA_A_PARA_GL_9480	1728	241	9
WA_A_PARA_GL_9483	3215	1532	362
WA_A_PARA_GL_9486	28050	3274	1182
WA_A_PARA_HP_7405	2552	1061	350
WA_A_PARA_HP_7453	14082	7659	1771
WA_A_PARA_HP_7460	10770	1559	244
WA_A_PARA_HP_7462	8844	2338	1193
WA_A_PARA_HP_7464	12039	4233	1400
WA_A_PARA_HP_7467	4973	2552	530
WA_A_PARA_HP_9364	606	358	345
WA_A_PARA_HP_9476	26365	2033	673
WA_A_PARA_HP_9477	2172	1469	171
WA_A_PARA_HP_9480	1167	481	206
WA_A_PARA_MG_7405	11053	172	72
WA_A_PARA_MG_7453	21547	1680	386
WA_A_PARA_MG_7460	3088	351	137
WA_A_PARA_MG_7462	23973	2230	1315
WA_A_PARA_MG_7464	19101	3594	919
WA_A_PARA_MG_7467	15020	332	222
WA_A_PARA_MG_9476	37581	3746	864
WA_A_PARA_MG_9477	2902	226	66
WA_A_PARA_MG_9480	2016	432	160
WA_A_PARA_ST_7405	2596	1182	278
WA_A_PARA_ST_7453	3744	1032	187
WA_A_PARA_ST_7460	913	956	158
WA_A_PARA_ST_7462	10749	5108	974
WA_A_PARA_ST_7464	8344	10585	1733
WA_A_PARA_ST_9474	26108	7274	1537
WA_A_PARA_ST_9476	19187	9252	2269
WA_A_PARA_ST_9477	125	148	37
WA_A_PARA_ST_9480	8900	3016	831
WA_A_PARA_ST_9486	39575	7212	924
WA_A_PCNS_EG_7506	21170	3701	1180
WA_A_PCNS_GL_7399	2434	1500	304
WA_A_PCNS_GL_7446	19573	2805	868
WA_A_PCNS_GL_7506	20094	3400	438
WA_A_PCNS_GL_7554	1444	842	348
WA_A_PCNS_GL_9443	8469	2559	910
WA_A_PCNS_HP_7637	12476	2267	185
WA_A_PCNS_ST_7506	11724	3822	660
WA_A_PCNS_ST_7601	19323	9155	1603
WA_A_PCNS_ST_7637	12914	2721	461
WA_A_PCWS_EG_7444	10924	2848	1145
WA_A_PCWS_GL_7439	17279	4632	1293
WA_A_PCWS_GL_7440	3452	985	203
WA_A_PCWS_GL_7443	31943	4096	1823
WA_A_PCWS_HP_7439	8761	2494	1703
WA_A_PCWS_HP_7444	15593	1583	420
WA_A_PCWS_HP_7559	27231	2721	183
WA_A_PCWS_MG_7400	31449	3242	377
WA_A_PCWS_MG_7439	17434	3763	155
WA_A_PCWS_MG_7441	17533	2037	37
WA_A_PCWS_MG_7443	21176	5368	65
WA_A_PCWS_MG_7444	18277	3823	80
WA_A_PLAT_GL_9369	9612	460	316
WA_A_PLAT_HP_9369	1719	7739	531
WA_A_PLAT_ST_9369	1256	3238	602
WA_A_THOM_EG_9420	12674	2357	203
WA_A_THOM_GL_7391	19518	1805	341
WA_A_THOM_GL_7392	6903	1151	191
WA_A_THOM_GL_7393	21895	4522	697
WA_A_THOM_GL_7419	2123	653	100
WA_A_THOM_GL_7503	29316	8127	2608
WA_A_THOM_HP_7392	919	296	103
WA_A_THOM_HP_7417	47373	4078	1418
WA_A_THOM_HP_7419	9497	1883	478
WA_A_THOM_HP_7480	7888	1903	473
WA_A_THOM_HP_7540	4318	417	104
WA_A_THOM_HP_7541	4369	3310	887
WA_A_THOM_HP_9420	17805	2401	821
WA_A_THOM_MG_7417	55748	9373	2735
WA_A_THOM_MG_7503	23716	1137	286
WA_A_THOM_MG_7544	14083	1760	400
WA_A_THOM_ST_7417	48230	28470	9457
WA_A_THOM_ST_7419	4060	975	163
WA_A_THOM_ST_7503	14254	19394	3979
WA_A_VERR_EG_7606	5960	2825	398
WA_A_VERR_GL_7606	7778	1977	321
WA_A_VERR_GL_7607	5611	2426	367
WA_A_VERR_GL_9501	1093	185	17
WA_A_VERR_GL_9507	10183	4855	1112
WA_A_VERR_GL_9526	24527	5289	436
WA_A_VERR_HP_9501	2263	61	59
WA_A_VERR_HP_9526	24377	4409	124
WA_A_VERR_ST_7606	6299	2233	438
WA_A_VERR_ST_9501	1600	591	97
WA_A_VERR_ST_9526	19656	5724	1225
WA_A_WEBS_GL_7390	27151	1339	397
WA_A_WEBS_GL_7421	23079	2508	580
WA_A_WEBS_GL_7422	12951	3386	470
WA_A_WEBS_GL_7423	22384	1904	687
WA_A_WEBS_GL_7507	11862	3992	658
WA_A_WEBS_GL_7611	14935	3740	991
WA_A_WEBS_GL_7612	2252	180	25
WA_A_WEBS_GL_7726	15416	2820	1108
WA_A_WEBS_GL_7727	5112	1770	340
WA_A_WEBS_GL_7729	6744	729	257
WA_A_WEBS_GL_7730	14129	753	158
WA_A_WEBS_GL_7731	4315	1480	216
WA_A_WEBS_GL_7732	14184	1016	100
WA_A_WEBS_GL_9411	9882	1391	503
WA_A_WEBS_HP_7390	13777	6164	2267
WA_A_WEBS_HP_7421	10548	2449	466
WA_A_WEBS_HP_7422	8995	6923	599
WA_A_WEBS_HP_7423	17770	2021	2233
WA_A_WEBS_HP_7507	10074	2358	235
WA_A_WEBS_HP_7612	1904	271	75
WA_A_WEBS_HP_7726	31557	2052	844
WA_A_WEBS_HP_7730	8269	2545	84
WA_A_WEBS_HP_7732	10566	3106	541
WA_A_WEBS_HP_9411	484	245	59
WA_A_WEBS_MG_7390	18363	2015	246
WA_A_WEBS_MG_7421	18531	1935	167
WA_A_WEBS_MG_7422	4143	1723	706
WA_A_WEBS_MG_7612	907	581	174
WA_A_WEBS_MG_7638	16408	2929	652
WA_A_WEBS_MG_7730	10325	2282	52
WA_A_WEBS_MG_7732	13189	2480	126
WA_A_WEBS_MG_9610	34773	10914	1995
WA_A_WEBS_ST_7390	8961	10844	1616
WA_A_WEBS_ST_7421	8955	10931	2757
WA_A_WEBS_ST_7422	7227	12417	3155
WA_A_WEBS_ST_7423	9704	2651	290
WA_A_WEBS_ST_7729	7006	311	107
WA_A_WEBS_ST_7730	6597	4860	1171
WA_A_WEBS_ST_7732	8242	3642	566
EP_A_SAXI_EG_8612	17873	6270	1123
EP_A_JAVI_ST_7264	23076	17082	1613
WA_A_BOUV_HP_7588	3965	293	53
WA_A_PCWS_HP_7443	25396	2452	705
WA_A_THOM_GL_7544	6543	6677	1127
EP_A_HYEY_MG_9045	10819	2099	234
WA_A_BAHA_MG_7514	5780	513	81
WA_A_BOUV_MG_7587	14757	305	115
WA_A_FORM_ST_7753	8867	331	148
EP_A_AREN_MG_8697	9858	1953	444
WA_A_PARA_ST_7467	6319	8136	1759
WA_A_BOUV_MG_7511	9147	308	44
EP_A_SAXI_HP_9263	1210	556	211
WA_A_BAHA_HP_7471	20014	22894	6641
WA_A_VERR_EG_9501	860	420	123
EP_A_SAXI_HP_9259	6402	6594	1931
EP_A_GALA_GL_7265	13699	11333	1703
EP_A_GALA_GL_7365	8536	3340	643
EP_A_GALA_GL_7366	9407	7398	1396
EP_A_GALA_GL_7368	12254	3482	806
EP_A_GALA_GL_7369	10910	6887	1344
EP_A_GALA_GL_8970	13257	14330	2745
EP_A_GALA_GL_8971	27648	19515	4201
EP_A_GALA_GL_8972	26584	6219	1167
EP_A_GALA_GL_8975	8160	1839	789
EP_A_GALA_GL_8979	22671	6362	1305
EP_A_GALA_GL_8980	10024	3698	569
EP_A_GALA_ST_8980	11433	3712	654
EP_A_HEBE_GL_9350	23547	4259	405
EP_A_JAVI_GL_7270	27989	683	158
EP_A_JAVI_GL_7277	27467	8035	1839
EP_A_JAVI_GL_8377	9017	742	135
EP_A_JAVI_GL_8379	17212	20144	3586
EP_A_JAVI_HP_7264	31367	10197	2451
EP_A_JAVI_HP_7270	6103	2541	846
EP_A_JAVI_HP_8376	5235	775	300
EP_A_JAVI_MG_8357	6017	2008	672
EP_A_MILL_GL_7335	10438	5016	739
EP_A_MILL_GL_7336	8084	2664	542
EP_A_PANA_GL_7329	13854	2085	306
EP_A_PANA_GL_7331	30847	2772	487
EP_A_PANA_GL_7332	19453	1756	442
EP_A_PANA_GL_8353	5859	7863	1898
EP_A_PANA_GL_8952	18912	2943	358
EP_A_PANA_GL_9021	15266	5954	904
EP_A_PANA_GL_9131	8131	1657	199
EP_A_PANA_GL_9264	26193	1496	225
EP_A_PANA_GL_9338	10433	908	169
EP_A_PANA_GL_9339	2675	144	43
EP_A_PANA_GL_9340	7062	1027	205
EP_A_PANA_HP_8948	5487	2391	692
WA_A_FORM_ST_7751	6186	2377	423
EP_A_PANA_HP_9332	21035	738	248
EP_A_PANA_HP_9022	3981	101	23
WA_A_FORM_ST_7609	10360	195	130
WA_A_PCNS_GL_7715	8837	966	1959
WA_A_FORM_GL_7675	7433	1350	126
EP_A_GALA_GL_9164	13522	5028	1225
EP_A_UTRI_HP_9134	4111	4303	907
EP_A_FASC_GL_9052	2200	1338	352
WA_A_CRIS_MG_7500	41668	60934	14793
WA_A_THOM_GL_9389	26066	7553	1583
WA_A_BAHA_MG_7476	6264	1384	601
EP_A_HYEY_ST_8959	5647	448	84
EP_A_SAXI_MG_8673	19617	1681	546
EP_A_GALA_MG_8978	31224	5876	950
EP_A_JAVI_GL_8394	2609	1531	443
EP_A_HEBE_GL_8983	5200	1403	376
WA_A_BOUV_MG_7639	8677	365	98
EP_A_HYEY_ST_9199	18531	9159	2038
EP_A_PANA_GL_7326	18049	3828	421
EP_A_AREN_ST_8658	12901	598	199
EP_A_PANA_GL_9022	3295	355	78
EP_A_MILL_ST_7335	7635	9281	2070
EP_A_AREN_EG_8651	8274	4409	1983
EP_A_AREN_GL_9195	20082	5078	1490
EP_A_AREN_GL_9196	3337	969	307
EP_A_AREN_HP_8625	34423	1559	210
EP_A_AREN_MG_8625	23106	2057	222
EP_A_AREN_MG_8626	10022	1050	282
EP_A_AREN_MG_8698	4747	949	326
EP_A_AREN_MG_9195	12100	3600	620
EP_A_AREN_MG_9196	3839	1145	229
EP_A_AREN_ST_8625	16537	958	104
EP_A_AREN_ST_8626	6151	3515	1376
EP_A_AREN_ST_8651	3957	165	40
EP_A_AREN_ST_8698	7650	2687	718
EP_A_AREN_ST_9195	33385	11665	2228
EP_A_AREN_ST_9196	2995	2792	519
EP_A_FASC_EG_8620	16238	3980	1487
EP_A_FASC_EG_8991	3420	1694	1943
EP_A_FASC_EG_8993	11647	11412	2252
EP_A_FASC_EG_9014	3938	1784	493
EP_A_FASC_EG_9051	11914	3051	373
EP_A_FASC_EG_9052	1786	851	398
EP_A_FASC_EG_9056	33220	6300	837
EP_A_FASC_EG_9057	9095	6202	900
EP_A_FASC_EG_9104	7443	1630	724
EP_A_FASC_GL_8618	24530	9236	1508
EP_A_FASC_GL_8620	26103	6253	1364
EP_A_FASC_GL_8989	15101	5091	1275
EP_A_FASC_GL_8990	3854	3079	721
EP_A_FASC_GL_8991	3701	1736	244
EP_A_FASC_GL_8993	6161	3074	692
EP_A_FASC_GL_8996	12579	2678	485
EP_A_FASC_GL_9014	7592	466	123
EP_A_FASC_GL_9053	9603	1545	324
EP_A_FASC_GL_9056	29293	6132	982
EP_A_FASC_GL_9057	11631	3741	600
EP_A_FASC_GL_9104	6758	1541	366
EP_A_FASC_GL_9107	11676	850	181
EP_A_FASC_HP_8614	74440	3862	379
EP_A_FASC_HP_8620	24551	12955	2234
EP_A_FASC_HP_8989	77312	1689	349
EP_A_FASC_HP_8990	5754	1676	376
EP_A_FASC_HP_8991	3216	1465	1028
EP_A_FASC_HP_8992	22486	2047	960
EP_A_FASC_HP_8993	2355	1999	674
EP_A_FASC_HP_8996	16114	1528	183
EP_A_FASC_HP_9016	7406	1229	363
EP_A_FASC_HP_9019	10743	2622	864
EP_A_FASC_HP_9051	5398	1851	487
EP_A_FASC_HP_9052	2555	809	125
EP_A_FASC_HP_9053	10779	703	150
EP_A_FASC_HP_9057	12352	1123	181
EP_A_FASC_MG_8614	44065	7616	753
EP_A_FASC_MG_8618	30044	3775	293
EP_A_FASC_MG_8620	26131	11815	147
EP_A_FASC_MG_8992	20099	695	251
EP_A_FASC_MG_9019	17433	1100	289
EP_A_FASC_MG_9020	15714	7064	267
EP_A_FASC_MG_9052	3626	397	42
EP_A_FASC_MG_9053	10621	433	222
EP_A_FASC_MG_9057	13048	3576	152
EP_A_FASC_MG_9104	9170	2529	393
EP_A_FASC_ST_8618	12778	9691	6646
EP_A_FASC_ST_8620	23967	6647	1822
EP_A_FASC_ST_8990	3397	2400	536
EP_A_FASC_ST_8991	2283	1376	157
EP_A_FASC_ST_8992	34244	18358	3043
EP_A_FASC_ST_8993	9400	17195	2832
EP_A_FASC_ST_8996	18929	4073	894
EP_A_FASC_ST_9019	6110	9396	2150
EP_A_FASC_ST_9020	48818	5070	1118
EP_A_FASC_ST_9051	9056	705	134
EP_A_FASC_ST_9053	7629	512	127
EP_A_FASC_ST_9057	13300	2782	441
EP_A_GALA_EG_7265	17226	8011	1067
EP_A_GALA_EG_7367	16088	5533	1256
EP_A_GALA_EG_8970	16304	2334	784
EP_A_GALA_EG_8972	23817	7413	1559
EP_A_GALA_EG_8978	10696	15123	3382
EP_A_GALA_EG_8980	9209	2332	704
EP_A_GALA_EG_9186	5797	7496	1759
EP_A_GALA_GL_7370	13649	7806	2349
EP_A_GALA_GL_8661	14423	12132	3364
EP_A_GALA_GL_9186	10910	9121	2692
EP_A_GALA_HP_7366	25022	546	150
EP_A_GALA_HP_7368	15905	2154	560
EP_A_GALA_HP_7369	23748	446	108
EP_A_GALA_HP_7370	35744	592	154
EP_A_GALA_HP_8661	19578	13192	3051
EP_A_GALA_HP_8970	34558	2919	263
EP_A_GALA_HP_8971	30612	1857	178
EP_A_GALA_HP_8975	6004	431	74
EP_A_GALA_HP_8980	10793	519	154
EP_A_GALA_HP_9186	15185	260	134
EP_A_GALA_MG_7265	30060	14518	1099
EP_A_GALA_MG_7365	13491	3051	1079
EP_A_GALA_MG_7366	16613	1359	255
EP_A_GALA_MG_7367	24910	1620	583
EP_A_GALA_MG_7369	17029	1405	280
EP_A_GALA_MG_7370	15712	470	124
EP_A_GALA_MG_8661	22511	5611	1085
EP_A_GALA_MG_8971	25835	9463	1620
EP_A_GALA_MG_8975	8145	508	156
EP_A_GALA_MG_8979	18577	7719	514
EP_A_GALA_MG_8980	13780	598	170
EP_A_GALA_MG_9003	23360	4346	736
EP_A_GALA_MG_9079	8403	3776	268
EP_A_GALA_ST_7265	38128	5364	1058
EP_A_GALA_ST_7365	16094	3703	1853
EP_A_GALA_ST_7366	21298	8035	1183
EP_A_GALA_ST_7367	14871	3793	745
EP_A_GALA_ST_7368	8181	8523	4924
EP_A_GALA_ST_7369	23618	6917	757
EP_A_GALA_ST_8661	24274	4220	1090
EP_A_GALA_ST_8970	41967	5157	536
EP_A_GALA_ST_8972	21075	1996	236
EP_A_GALA_ST_8975	8913	1249	213
EP_A_GALA_ST_8979	34656	5721	1012
EP_A_GALA_ST_9079	3842	215	42
EP_A_HEBE_EG_7359	13854	4394	794
EP_A_HEBE_EG_8629	16475	5662	1082
EP_A_HEBE_EG_8986	22741	5651	1096
EP_A_HEBE_GL_7357	6775	3136	741
EP_A_HEBE_GL_7358	16391	4798	2081
EP_A_HEBE_GL_7360	11794	6769	1144
EP_A_HEBE_GL_8628	6852	2146	464
EP_A_HEBE_GL_8629	12445	1969	440
EP_A_HEBE_GL_8936	20979	2771	953
EP_A_HEBE_GL_8937	13603	6988	939
EP_A_HEBE_GL_8938	33973	11469	3371
EP_A_HEBE_GL_8985	11427	3799	1925
EP_A_HEBE_GL_8986	1669	549	78
EP_A_HEBE_GL_8987	6277	1163	290
EP_A_HEBE_HP_7357	15503	4417	1515
EP_A_HEBE_HP_7359	19075	6070	669
EP_A_HEBE_HP_8628	10773	592	116
EP_A_HEBE_HP_8629	15626	889	336
EP_A_HEBE_HP_8936	13043	4238	932
EP_A_HEBE_HP_8983	4522	713	183
EP_A_HEBE_HP_8984	9543	5807	1661
EP_A_HEBE_HP_8985	10463	4854	1771
EP_A_HEBE_MG_7357	16979	730	232
EP_A_HEBE_MG_7358	9843	754	160
EP_A_HEBE_MG_7360	14429	771	212
EP_A_HEBE_MG_8628	5968	115	20
EP_A_HEBE_MG_8985	28116	631	125
EP_A_HEBE_MG_8986	21838	501	130
EP_A_HEBE_MG_9349	9513	278	91
EP_A_HEBE_ST_7357	30137	2789	901
EP_A_HEBE_ST_7358	14186	9561	1568
EP_A_HEBE_ST_7359	7459	5711	1187
EP_A_HEBE_ST_7360	11049	5764	644
EP_A_HEBE_ST_8628	11593	2165	807
EP_A_HEBE_ST_8629	17838	390	105
EP_A_HEBE_ST_8936	5322	12580	2416
EP_A_HEBE_ST_8983	2328	5090	1035
EP_A_HEBE_ST_8985	4427	26330	9419
EP_A_HEBE_ST_8986	9575	30845	3840
EP_A_HEBE_ST_8987	11705	5638	1202
EP_A_HEPH_MG_8925	7379	2158	535
EP_A_HEPH_ST_8925	7228	5154	1048
EP_A_HYEY_HP_8881	10611	4610	1797
EP_A_HYEY_HP_8960	11841	387	170
EP_A_HYEY_HP_8961	6011	350	87
EP_A_HYEY_HP_9199	7669	4218	1802
EP_A_HYEY_MG_8881	25644	1399	340
EP_A_HYEY_MG_8956	10718	4928	583
EP_A_HYEY_MG_8958	13617	2915	278
EP_A_HYEY_MG_8959	7171	399	86
EP_A_HYEY_MG_8960	21534	1726	128
EP_A_HYEY_MG_8961	5783	2188	317
EP_A_HYEY_MG_9198	36134	4780	878
EP_A_HYEY_MG_9199	3223	1351	334
EP_A_HYEY_ST_8960	10203	3684	539
EP_A_HYEY_ST_8961	5832	1260	224
EP_A_JAVI_EG_7304	14659	1680	185
EP_A_JAVI_EG_7381	16443	2575	988
EP_A_JAVI_EG_8360	24779	4266	1228
EP_A_JAVI_EG_8377	8119	1725	353
EP_A_JAVI_EG_8939	17318	5646	1923
EP_A_JAVI_GL_7281	17319	6400	2203
EP_A_JAVI_GL_7304	20430	11445	3281
EP_A_JAVI_GL_7318	14613	7919	1438
EP_A_JAVI_GL_7381	15417	4230	942
EP_A_JAVI_GL_8359	34845	4116	1399
EP_A_JAVI_GL_8376	6240	758	241
EP_A_JAVI_GL_8939	9228	4241	861
EP_A_JAVI_GL_8940	8779	3296	677
EP_A_JAVI_HP_7277	14110	3139	690
EP_A_JAVI_HP_7304	18846	3898	1686
EP_A_JAVI_HP_7318	19987	10666	1595
EP_A_JAVI_HP_7381	15365	3523	840
EP_A_JAVI_HP_8359	20805	7788	1233
EP_A_JAVI_HP_8394	2578	2164	851
EP_A_JAVI_HP_8939	8296	5016	364
EP_A_JAVI_HP_8940	5301	3542	1169
EP_A_JAVI_HP_8981	6203	220	192
EP_A_JAVI_MG_7270	24764	1536	322
EP_A_JAVI_MG_7277	14226	1039	190
EP_A_JAVI_MG_7280	22050	3158	177
EP_A_JAVI_MG_7318	26370	2423	447
EP_A_JAVI_MG_7381	16708	1223	127
EP_A_JAVI_MG_8359	48301	4086	194
EP_A_JAVI_MG_8360	22576	1664	170
EP_A_JAVI_MG_8394	13231	1033	172
EP_A_JAVI_ST_7277	16510	3709	2165
EP_A_JAVI_ST_7286	8090	14793	2761
EP_A_JAVI_ST_7304	12101	10014	1503
EP_A_JAVI_ST_7318	17704	6428	661
EP_A_JAVI_ST_8359	20399	15629	2121
EP_A_JAVI_ST_8376	8574	1793	584
EP_A_JAVI_ST_8377	7870	1902	657
EP_A_JAVI_ST_8379	3226	17549	3512
EP_A_JAVI_ST_8394	7477	5858	1383
EP_A_JAVI_ST_8939	10133	6696	1357
EP_A_JAVI_ST_8940	4176	8809	1934
EP_A_JAVI_ST_8981	2611	3125	453
EP_A_MILL_EG_7336	4105	5622	881
EP_A_MILL_HP_7335	4642	5632	1227
EP_A_MILL_MG_7335	8236	660	238
EP_A_MILL_MG_7336	5949	1099	358
EP_A_MILL_ST_7336	10591	7831	1094
EP_A_PANA_EG_7327	13708	3390	445
EP_A_PANA_EG_8353	6697	4050	1149
EP_A_PANA_EG_8948	8024	2611	586
EP_A_PANA_EG_8951	20368	3625	1948
EP_A_PANA_EG_9021	13679	9920	3787
EP_A_PANA_EG_9264	10486	3119	2432
EP_A_PANA_GL_7322	12135	2440	227
EP_A_PANA_GL_7327	13874	2807	279
EP_A_PANA_GL_7330	11334	1260	98
EP_A_PANA_GL_8792	9319	1996	201
EP_A_PANA_GL_8948	8152	1629	212
EP_A_PANA_HP_7330	18491	615	149
EP_A_PANA_HP_7332	36541	2139	278
EP_A_PANA_HP_7332M	15091	1882	395
EP_A_PANA_HP_8353	1850	3160	533
EP_A_PANA_HP_8951	3268	148	14
EP_A_PANA_HP_9131	3792	701	132
EP_A_PANA_HP_9338	9995	449	110
EP_A_PANA_MG_7322	24480	2279	260
EP_A_PANA_MG_7326	25293	2908	616
EP_A_PANA_MG_7327	23610	2113	251
EP_A_PANA_MG_7329	7710	347	89
EP_A_PANA_MG_7330	13406	1515	214
EP_A_PANA_MG_7331	24229	1798	310
EP_A_PANA_MG_8353	17562	1675	271
EP_A_PANA_MG_8792	13642	913	204
EP_A_PANA_MG_8948	9786	791	113
EP_A_PANA_MG_8951	31848	7118	1040
EP_A_PANA_MG_9021	31943	1919	589
EP_A_PANA_MG_9022	3448	213	47
EP_A_PANA_MG_9131	5330	303	81
EP_A_PANA_MG_9264	16513	3027	808
EP_A_PANA_MG_9332	18099	1786	621
EP_A_PANA_MG_9338	11352	3155	969
EP_A_PANA_MG_9339	2998	461	130
EP_A_PANA_MG_9340	5362	420	128
EP_A_PANA_ST_7322	25929	2208	323
EP_A_PANA_ST_7326	25602	4843	835
EP_A_PANA_ST_7327	15680	5441	878
EP_A_PANA_ST_7329	37035	1715	537
EP_A_PANA_ST_7330	20078	5370	1416
EP_A_PANA_ST_7332	18374	3701	672
EP_A_PANA_ST_8353	7595	6749	1678
EP_A_PANA_ST_8792	10574	3684	377
EP_A_PANA_ST_8948	5309	3123	622
EP_A_PANA_ST_8952	7165	920	146
EP_A_PANA_ST_9022	4305	607	110
EP_A_PANA_ST_9264	8765	4419	757
EP_A_PANA_ST_9332	14526	2898	601
EP_A_PANA_ST_9338	10774	3100	748
EP_A_ROST_EG_9072	7028	2899	480
EP_A_ROST_EG_9073	13365	1699	652
EP_A_ROST_EG_9113	10674	1537	282
EP_A_ROST_EG_9119	7945	7316	1936
EP_A_ROST_EG_9124	10031	2103	296
EP_A_ROST_GL_9072	2630	790	170
EP_A_ROST_GL_9073	3791	1472	408
EP_A_ROST_GL_9074	6299	1642	174
EP_A_ROST_GL_9075	14511	4318	580
EP_A_ROST_GL_9076	25539	3383	553
EP_A_ROST_GL_9112	17893	1876	348
EP_A_ROST_GL_9113	14898	2035	318
EP_A_ROST_GL_9115	17067	2254	727
EP_A_ROST_GL_9117	3661	523	62
EP_A_ROST_GL_9118	19795	1996	231
EP_A_ROST_GL_9119	11576	2780	370
EP_A_ROST_GL_9120	43332	8308	1599
EP_A_ROST_GL_9121	21627	3967	1096
EP_A_ROST_GL_9122	4270	2900	300
EP_A_ROST_GL_9123	14281	4975	756
EP_A_ROST_GL_9124	15897	1912	276
EP_A_ROST_HP_9073	2404	2921	397
EP_A_ROST_HP_9074	4212	1487	276
EP_A_ROST_HP_9112	19095	982	469
EP_A_ROST_HP_9113	13972	305	128
EP_A_ROST_HP_9114	6080	2342	618
EP_A_ROST_HP_9115	9038	3734	1152
EP_A_ROST_HP_9117	5636	237	77
EP_A_ROST_HP_9118	16500	1396	265
EP_A_ROST_HP_9119	9322	1375	487
EP_A_ROST_HP_9123	32208	2593	266
EP_A_ROST_HP_9194	4712	1588	386
EP_A_ROST_MG_9075	1734	564	101
EP_A_ROST_MG_9112	14421	2527	644
EP_A_ROST_MG_9113	17281	1602	223
EP_A_ROST_MG_9117	7125	359	123
EP_A_ROST_MG_9118	17336	1620	232
EP_A_ROST_MG_9119	11274	1087	185
EP_A_ROST_MG_9122	7210	777	268
EP_A_ROST_MG_9123	21889	1757	696
EP_A_ROST_MG_9124	13987	666	121
EP_A_ROST_MG_9194	4599	1284	167
EP_A_ROST_ST_9073	4223	6539	1325
EP_A_ROST_ST_9112	16668	1702	562
EP_A_ROST_ST_9114	3720	4096	616
EP_A_ROST_ST_9117	5597	328	75
EP_A_ROST_ST_9118	16711	3429	912
EP_A_ROST_ST_9119	8938	1514	291
EP_A_ROST_ST_9124	10455	3268	401
EP_A_SAXI_EG_9250	12751	9528	1857
EP_A_SAXI_EG_9263	2891	483	162
EP_A_SAXI_HP_8497	47325	891	74
EP_A_SAXI_HP_8612	11801	2763	283
EP_A_SAXI_MG_8686	25992	3443	485
EP_A_SAXI_MG_9248	1845	1028	321
EP_A_SAXI_MG_9261	6477	11225	6234
EP_A_SAXI_MG_9263	2004	795	175
EP_A_UMBO_EG_8669	10124	5563	896
EP_A_UMBO_EG_9126	908	496	193
EP_A_UMBO_GL_8670	3162	2463	1727
EP_A_UMBO_GL_8671	5767	5240	2165
EP_A_UMBO_GL_8692	12628	4149	1580
EP_A_UMBO_GL_8693	15710	4704	1633
EP_A_UMBO_GL_9266	4152	3276	941
EP_A_UMBO_HP_8669	11475	1444	480
EP_A_UMBO_HP_8670	3755	1675	388
EP_A_UMBO_HP_8671	7985	650	98
EP_A_UMBO_HP_8692	7452	3988	1456
EP_A_UMBO_HP_8693	16111	1717	382
EP_A_UMBO_HP_9127	24029	4205	1198
EP_A_UMBO_MG_8669	9721	490	200
EP_A_UMBO_MG_8670	8513	1284	906
EP_A_UMBO_MG_8671	8455	2503	833
EP_A_UMBO_MG_8692	13095	1323	325
EP_A_UMBO_MG_8693	13518	3227	456
EP_A_UMBO_MG_9127	20743	4144	1200
EP_A_UMBO_MG_9266	7499	1154	138
EP_A_UMBO_ST_8669	22271	2096	633
EP_A_UMBO_ST_8670	3787	2799	2262
EP_A_UMBO_ST_8671	6039	568	269
EP_A_UMBO_ST_8691	6674	1233	403
EP_A_UMBO_ST_8692	9572	5865	1963
EP_A_UMBO_ST_9126	1906	276	49
EP_A_UMBO_ST_9127	26622	1431	423
EP_A_UMBO_ST_9266	5592	4250	768
EP_A_UTRI_EG_8448	13316	19811	3454
EP_A_UTRI_EG_9067	14171	5487	3486
EP_A_UTRI_EG_9070	6281	5961	1544
EP_A_UTRI_EG_9188	4789	3409	2678
EP_A_UTRI_GL_8447	11102	5861	1178
EP_A_UTRI_GL_8448	8619	20318	4512
EP_A_UTRI_GL_8916	2093	2281	546
EP_A_UTRI_GL_9068	2586	2047	250
EP_A_UTRI_GL_9069	16075	7966	1559
EP_A_UTRI_GL_9070	6004	1805	288
EP_A_UTRI_GL_9133	2899	3337	1020
EP_A_UTRI_GL_9135	2130	3810	761
EP_A_UTRI_GL_9270	8480	3980	1111
EP_A_UTRI_HP_8447	27160	4465	815
EP_A_UTRI_HP_8448	8781	17277	3221
EP_A_UTRI_HP_8483	7698	2279	783
EP_A_UTRI_HP_8916	7400	8011	2104
EP_A_UTRI_HP_9067	22244	8512	1590
EP_A_UTRI_HP_9068	1216	2642	246
EP_A_UTRI_HP_9069	11069	9135	1809
EP_A_UTRI_HP_9070	3350	3986	866
EP_A_UTRI_HP_9071	3347	4437	1130
EP_A_UTRI_HP_9133	2668	3448	891
EP_A_UTRI_HP_9135	1848	2637	546
EP_A_UTRI_HP_9269	2890	3362	711
EP_A_UTRI_HP_9271	1773	3033	728
EP_A_UTRI_HP_9272	12824	16633	5059
EP_A_UTRI_MG_8447	6598	8754	1682
EP_A_UTRI_MG_8448	8780	14025	1576
EP_A_UTRI_MG_8483	10292	1909	488
EP_A_UTRI_MG_8916	3909	4467	764
EP_A_UTRI_MG_9067	22831	8349	1085
EP_A_UTRI_MG_9069	5740	4588	885
EP_A_UTRI_MG_9070	4148	5636	945
EP_A_UTRI_MG_9071	724	1060	242
EP_A_UTRI_MG_9133	2174	2272	715
EP_A_UTRI_MG_9134	4297	1787	334
EP_A_UTRI_MG_9269	4446	2270	579
EP_A_UTRI_MG_9270	9129	4030	956
EP_A_UTRI_MG_9271	1918	3927	963
EP_A_UTRI_ST_8447	18689	10824	2300
EP_A_UTRI_ST_8448	10572	17865	2412
EP_A_UTRI_ST_9067	25773	11593	1857
EP_A_UTRI_ST_9069	6473	6983	1171
EP_A_UTRI_ST_9070	5205	5633	1480
EP_A_UTRI_ST_9071	595	922	150
EP_A_UTRI_ST_9135	1980	3010	591
EP_A_UTRI_ST_9269	3694	3427	955
EP_A_UTRI_ST_9270	11359	3889	772
EP_A_UTRI_ST_9271	2218	2889	605
EP_A_UTRI_ST_9272	7942	8937	1603
EP_E_SAMP_MD_9290	972	6189	1745
EP_E_SAMP_MD_9291	1218	6704	1988
EP_E_SAMP_MD_9292	3590	19938	5071
EP_E_SAMP_MD_9293	633	3981	1259
EP_E_SAMP_MD_9294	2275	16215	4233
EP_E_SAMP_RB_9295	2752	8895	2184
EP_E_SAMP_RB_9296	1620	6620	1754
EP_E_SAMP_RB_9297	4198	19384	5216
EP_E_SAMP_RB_9298	6999	25705	6883
EP_E_SAMP_RB_9299	6738	25501	6082
EP_E_SAMP_RB_scrap1	7457	12581	6071
EP_E_SAMP_RB_scrap2	1117	10992	399
EP_E_SAMP_RB_scrap3	10517	28478	4830
EP_E_SAMP_RB_scrap4	3387	26675	5093
EP_E_SAMP_SD_9285	893	12636	3390
EP_E_SAMP_SD_9286	653	10113	2626
EP_E_SAMP_SD_9287	2452	24188	7117
EP_E_SAMP_SD_9288	4835	26459	6556
EP_E_SAMP_SD_9289	1268	13258	3533
EP_E_SAMP_SD_sed	474	9874	2744
EP_E_SAMP_WT_2977	25637	22172	5980
EP_E_SAMP_WT_2985	27730	20350	5876
EP_E_SAMP_WT_2989	18776	28480	6388
EP_E_SAMP_WT_2995	29919	22430	6618
EP_E_SAMP_WT_2999	23555	16391	4165
EP_E_SAMP_WT_3006	28974	21455	6220
EP_E_SAMP_WT_3007	23448	15022	3694
EP_E_SAMP_WT_3014	24915	18715	5413
WA_A_BAHA_EG_7652	12751	4739	1511
WA_A_BAHA_EG_7654	6148	5535	1673
WA_A_BAHA_EG_7656	2428	2261	766
WA_A_BAHA_GL_7470	5604	1025	160
WA_A_BAHA_GL_7473	8774	7190	3345
WA_A_BAHA_GL_7650	4391	2491	232
WA_A_BAHA_GL_7654	8972	1406	1773
WA_A_BAHA_HP_7474	3133	1990	1204
WA_A_BAHA_HP_7477	18136	1551	1510
WA_A_BAHA_HP_7478	9234	10652	5142
WA_A_BAHA_HP_7650	6277	3037	411
WA_A_BAHA_HP_7652	3722	1130	497
WA_A_BAHA_HP_7654	5316	273	2178
WA_A_BAHA_HP_7656	5066	163	1476
WA_A_BAHA_MG_7470	49842	1036	685
WA_A_BAHA_MG_7472	18015	889	322
WA_A_BAHA_MG_7474	8648	1718	648
WA_A_BAHA_MG_7477	21796	1169	447
WA_A_BAHA_MG_7478	3727	213	86
WA_A_BAHA_MG_7501	13252	718	155
WA_A_BAHA_MG_7513	16958	636	377
WA_A_BAHA_MG_7515	16277	2248	576
WA_A_BAHA_MG_7516	64523	1249	206
WA_A_BAHA_MG_7650	3058	2647	773
WA_A_BAHA_MG_7652	7599	2389	328
WA_A_BAHA_MG_7656	2908	1622	180
WA_A_BAHA_ST_7470	30264	5596	1621
WA_A_BAHA_ST_7471	2514	4952	739
WA_A_BAHA_ST_7473	18743	6933	1831
WA_A_BAHA_ST_7474	5205	2275	620
WA_A_BAHA_ST_7477	19558	3744	2058
WA_A_BAHA_ST_7501	3534	3850	980
WA_A_BAHA_ST_7513	3089	744	170
WA_A_BAHA_ST_7650	5393	5693	1094
WA_A_BAHA_ST_7652	8045	4526	630
WA_A_BAHA_ST_7656	3207	2588	664
WA_A_BOUV_EG_7511	18274	4394	724
WA_A_BOUV_EG_7582	31229	5581	1720
WA_A_BOUV_EG_7583	12558	5748	918
WA_A_BOUV_EG_7645	14044	2414	727
WA_A_BOUV_GL_7509	7133	6003	1115
WA_A_BOUV_GL_7511	10073	2572	1004
WA_A_BOUV_GL_7586	22840	7057	2364
WA_A_BOUV_HP_7509	5003	3931	1020
WA_A_BOUV_HP_7511	10323	607	72
WA_A_BOUV_HP_7580	3946	1555	641
WA_A_BOUV_HP_7583	5727	656	101
WA_A_BOUV_HP_7640	5152	1325	469
WA_A_BOUV_HP_7644	4250	1232	12
WA_A_BOUV_MG_7583	7537	4664	98
WA_A_BOUV_MG_7640	15470	337	130
WA_A_BOUV_MG_7642	13709	1220	360
WA_A_BOUV_MG_7644	8198	275	70
WA_A_BOUV_MG_7645	15370	724	280
WA_A_BOUV_MG_7647	11900	836	97
WA_A_BOUV_ST_7511	5359	16972	1454
WA_A_BOUV_ST_7580	1732	6461	1164
WA_A_BOUV_ST_7584	10512	9279	1308
WA_A_BOUV_ST_7585	927	1569	436
WA_A_BOUV_ST_7639	9633	3532	1873
WA_A_BOUV_ST_7644	5023	3795	680
WA_A_CRIS_EG_7536	30476	11467	3267
WA_A_CRIS_EG_7537	6615	2617	888
WA_A_CRIS_EG_7632	5204	1492	453
WA_A_CRIS_EG_9463	7839	3599	838
WA_A_CRIS_EG_9510	5227	2099	824
WA_A_CRIS_EG_9623	37289	10170	581
WA_A_CRIS_EG_9624	10726	2512	6344
WA_A_CRIS_GL_7539	11077	6636	1229
WA_A_CRIS_GL_9510	12394	1092	98
WA_A_CRIS_HP_7500	2703	1814	880
WA_A_CRIS_HP_7539	6202	6863	1730
WA_A_CRIS_HP_7624	10576	9850	1686
WA_A_CRIS_HP_9471	2001	2490	375
WA_A_CRIS_HP_9621	7379	5827	2038
WA_A_CRIS_MG_7497	2260	1494	401
WA_A_CRIS_MG_7499	8180	15186	3155
WA_A_CRIS_MG_7536	9576	1272	356
WA_A_CRIS_MG_7537	12228	5373	1326
WA_A_CRIS_MG_7538	4697	1632	461
WA_A_CRIS_MG_7539	1240	1804	590
WA_A_CRIS_MG_7624	9078	12905	4145
WA_A_CRIS_MG_7625	19949	15081	2809
WA_A_CRIS_MG_9463	11170	2896	2005
WA_A_CRIS_MG_9467	11886	20111	7879
WA_A_CRIS_MG_9471	1012	1062	317
WA_A_CRIS_MG_9473	8636	8472	2243
WA_A_CRIS_MG_9510	4136	5316	1232
WA_A_CRIS_MG_9623	16722	11247	2895
WA_A_CRIS_MG_9624	11158	14523	3118
WA_A_CRIS_ST_7539	788	2623	318
WA_A_CRIS_ST_9463	9657	4400	833
WA_A_FLOR_EG_7680	3336	7683	4283
WA_A_FLOR_EG_9662	629	1895	420
WA_A_FLOR_GL_7694	16405	2400	388
WA_A_FLOR_GL_9653	5841	6884	253
WA_A_FLOR_HP_7685	4957	2613	483
WA_A_FLOR_HP_7694	11169	8164	1653
WA_A_FLOR_HP_7697	6755	4541	1236
WA_A_FLOR_HP_9433	26352	12003	1351
WA_A_FLOR_HP_9650	8605	2103	790
WA_A_FLOR_HP_9651	3042	6470	1674
WA_A_FLOR_HP_9652	9051	6740	2146
WA_A_FLOR_HP_9653	9209	3211	545
WA_A_FLOR_HP_9654	1703	3032	705
WA_A_FLOR_HP_9655	8846	20210	2890
WA_A_FLOR_HP_9662	13432	12396	2527
WA_A_FLOR_MG_7680	11920	5698	1217
WA_A_FLOR_MG_7685	8037	2458	89
WA_A_FLOR_MG_7694	14812	5336	126
WA_A_FLOR_MG_7697	18261	3852	343
WA_A_FLOR_MG_9433	33401	1977	276
WA_A_FLOR_MG_9648	12904	656	136
WA_A_FLOR_MG_9650	10645	880	96
WA_A_FLOR_MG_9651	9410	589	103
WA_A_FLOR_MG_9652	43248	2626	288
WA_A_FLOR_MG_9653	10316	1340	216
WA_A_FLOR_MG_9654	8186	766	84
WA_A_FLOR_MG_9655	49294	4016	2009
WA_A_FLOR_MG_9658	42355	2725	541
WA_A_FLOR_MG_9659	9405	1579	260
WA_A_FLOR_MG_9662	7109	252	60
WA_A_FLOR_MG_9663	10357	958	118
WA_A_FLOR_MG_9664	44638	2650	390
WA_A_FLOR_ST_7685	3371	5070	549
WA_A_FLOR_ST_7693	5017	9551	1967
WA_A_FLOR_ST_7694	6805	8938	1791
WA_A_FLOR_ST_7697	11246	2329	345
WA_A_FLOR_ST_9433	2264	5166	777
WA_A_FLOR_ST_9650	5264	2434	540
WA_A_FLOR_ST_9652	25021	27121	6200
WA_A_FLOR_ST_9653	6638	1691	364
WA_A_FLOR_ST_9654	4752	5096	721
WA_A_FLOR_ST_9655	817	1286	2084
WA_A_FLOR_ST_9659	14492	10902	2069
WA_A_FLOR_ST_9662	9450	8852	1770
WA_A_FORM_EG_7457	997	502	126
WA_A_FORM_EG_7752	2461	4408	812
WA_A_FORM_EG_9400	10760	3851	1576
WA_A_FORM_GL_7608	8882	1501	284
WA_A_FORM_GL_7609	1194	386	73
WA_A_FORM_HP_7551	15596	374	67
WA_A_FORM_HP_7608	6279	1189	402
WA_A_FORM_HP_7609	1567	300	81
WA_A_FORM_HP_7712	19539	604	174
WA_A_FORM_HP_7713	6291	1287	633
WA_A_FORM_HP_7748	7489	2944	135
WA_A_FORM_HP_7753	22974	851	200
WA_A_FORM_HP_9400	10192	609	121
WA_A_FORM_MG_7402	14966	3740	1388
WA_A_FORM_MG_7456	9363	60	39
WA_A_FORM_MG_7457	1144	270	35
WA_A_FORM_MG_7550	17454	1098	135
WA_A_FORM_MG_7608	6607	1094	577
WA_A_FORM_MG_7609	5358	208	73
WA_A_FORM_MG_7712	10264	2058	572
WA_A_FORM_MG_7713	8338	585	99
WA_A_FORM_MG_7748	6308	974	303
WA_A_FORM_MG_7751	2943	4409	1008
WA_A_FORM_MG_7752	653	809	136
WA_A_FORM_MG_7753	33482	2220	507
WA_A_FORM_MG_9400	3764	7899	42
WA_A_FORM_ST_7457	1237	81	8
WA_A_FORM_ST_7458	17455	1249	287
WA_A_FORM_ST_7550	13131	783	201
WA_A_FORM_ST_7551	7605	742	234
WA_A_FORM_ST_7608	5525	424	158
WA_A_FORM_ST_7675	10640	2043	503
WA_A_FORM_ST_7752	2264	7398	1055
WA_A_NUTT_EG_9406	15801	3391	738
WA_A_NUTT_EG_9459	7469	6114	2105
WA_A_NUTT_HP_7430	4534	4692	1837
WA_A_NUTT_HP_9406	1855	40	12
WA_A_NUTT_MG_7429	53171	5822	439
WA_A_NUTT_MG_7430	4757	383	202
WA_A_NUTT_MG_7491	16501	2052	266
WA_A_NUTT_MG_7492	14308	1692	483
WA_A_NUTT_MG_7526	11081	2986	574
WA_A_NUTT_MG_7529	16485	1620	951
WA_A_NUTT_MG_9406	16731	555	216
WA_A_NUTT_MG_9409	2893	61	3
WA_A_NUTT_ST_9405	559	567	280
WA_A_NUTT_ST_9406	22278	1511	450
WA_A_NUTT_ST_9459	15619	7090	2151
WA_A_PARA_EG_7451	7513	2279	554
WA_A_PARA_EG_7706	3686	1062	271
WA_A_PARA_EG_7708	3823	1923	349
WA_A_PARA_EG_9478	27949	17014	3895
WA_A_PARA_EG_9483	2684	1536	325
WA_A_PARA_GL_7451	7431	3237	768
WA_A_PARA_HP_7451	1623	369	83
WA_A_PARA_HP_7459	7388	3149	581
WA_A_PARA_HP_7706	4775	2175	575
WA_A_PARA_HP_7708	3641	2001	450
WA_A_PARA_HP_9474	3945	964	719
WA_A_PARA_HP_9478	3791	4619	1034
WA_A_PARA_HP_9483	5735	228	41
WA_A_PARA_MG_7451	8964	376	155
WA_A_PARA_MG_7459	16245	9212	1511
WA_A_PARA_MG_7708	8675	901	63
WA_A_PARA_MG_9364	449	22	8
WA_A_PARA_MG_9399	3695	1730	491
WA_A_PARA_MG_9474	25185	1177	586
WA_A_PARA_MG_9478	48303	10668	1935
WA_A_PARA_MG_9483	5513	228	41
WA_A_PARA_MG_9486	37338	8307	1523
WA_A_PARA_ST_7451	4531	5411	1001
WA_A_PARA_ST_7459	1371	5188	929
WA_A_PARA_ST_7706	3977	4306	842
WA_A_PARA_ST_9483	4940	341	66
WA_A_PCNS_EG_7600	10608	11499	518
WA_A_PCNS_EG_7601	8277	3962	2146
WA_A_PCNS_EG_7604	4882	1573	252
WA_A_PCNS_EG_7702	6246	1922	510
WA_A_PCNS_EG_9443	25046	3993	2704
WA_A_PCNS_EG_9516	11181	8996	1439
WA_A_PCNS_GL_7445	1869	704	355
WA_A_PCNS_GL_7552	3755	1941	446
WA_A_PCNS_GL_7600	9537	2345	741
WA_A_PCNS_GL_7604	8642	3072	1661
WA_A_PCNS_GL_7637	7330	2430	717
WA_A_PCNS_GL_7702	2600	1041	175
WA_A_PCNS_GL_9519	16550	3308	4595
WA_A_PCNS_HP_7446	12809	1615	532
WA_A_PCNS_HP_7600	11368	3071	415
WA_A_PCNS_HP_7603	13384	3517	660
WA_A_PCNS_MG_7446	13874	417	109
WA_A_PCNS_MG_7600	16935	2739	1340
WA_A_PCNS_MG_7637	12422	2008	80
WA_A_PCNS_MG_9515	57353	1661	397
WA_A_PCNS_MG_9516	39611	580	161
WA_A_PCNS_ST_7399	14945	14580	2191
WA_A_PCNS_ST_7446	9635	7553	1733
WA_A_PCNS_ST_7552	4987	2527	419
WA_A_PCNS_ST_7600	7893	4585	1071
WA_A_PCNS_ST_7604	14437	6698	1028
WA_A_PCNS_ST_7702	9608	1230	295
WA_A_PCNS_ST_9513	4118	2863	355
WA_A_PCNS_ST_9519	3484	1669	835
WA_A_PCWS_EG_7558	12594	1863	576
WA_A_PCWS_EG_9440	3140	1441	488
WA_A_PCWS_EG_9522	43151	4421	817
WA_A_PCWS_GL_7410	2338	1187	628
WA_A_PCWS_GL_7441	3190	341	100
WA_A_PCWS_GL_7450	4791	905	309
WA_A_PCWS_GL_7556	11987	280	69
WA_A_PCWS_GL_7558	7258	1474	309
WA_A_PCWS_HP_7440	3228	591	29
WA_A_PCWS_HP_7441	6343	833	96
WA_A_PCWS_HP_7442	18472	2646	761
WA_A_PCWS_HP_7557	6287	2296	764
WA_A_PCWS_HP_7558	9017	592	210
WA_A_PCWS_HP_7672	8535	3655	856
WA_A_PCWS_HP_9522	19586	9256	7622
WA_A_PCWS_MG_7440	11732	2859	50
WA_A_PCWS_MG_7442	22280	1750	1243
WA_A_PCWS_MG_7450	39189	3736	896
WA_A_PCWS_MG_7672	11489	710	150
WA_A_PCWS_MG_9439	32446	7296	716
WA_A_PCWS_MG_9440	6186	1957	131
WA_A_PCWS_MG_9522	54509	1670	460
WA_A_PCWS_ST_7439	6055	5297	2463
WA_A_PCWS_ST_7440	3697	2381	299
WA_A_PCWS_ST_7450	13848	13600	3201
WA_A_PCWS_ST_7557	2711	2193	656
WA_A_PCWS_ST_7558	8246	1326	1542
WA_A_PCWS_ST_9522	25488	18030	6278
WA_A_PLAT_MG_9369	3962	258	56
WA_A_SIMU_GL_7486	18341	15420	1816
WA_A_SIMU_GL_7717	20848	9205	5778
WA_A_SIMU_HP_7486	19041	6258	1139
WA_A_SIMU_HP_7717	1823	2403	131
WA_A_SIMU_MG_7486	3143	1504	117
WA_A_THOM_GL_7416	1119	681	37
WA_A_THOM_GL_7417	69489	14344	3283
WA_A_THOM_GL_7502	11138	2859	956
WA_A_THOM_GL_7540	7969	1499	304
WA_A_THOM_GL_7543	38952	15938	4334
WA_A_THOM_GL_9384	13485	1663	593
WA_A_THOM_GL_9387	6208	3495	1454
WA_A_THOM_GL_9420	24872	3191	859
WA_A_THOM_HP_7416	7295	944	74
WA_A_THOM_HP_7503	28347	3063	944
WA_A_THOM_HP_9387	11033	1669	84
WA_A_THOM_MG_7391	18514	1354	241
WA_A_THOM_MG_7392	2131	60	13
WA_A_THOM_MG_7393	12873	1679	952
WA_A_THOM_MG_7416	8821	622	111
WA_A_THOM_MG_7502	13502	1452	458
WA_A_THOM_MG_7540	9744	1959	388
WA_A_THOM_MG_7541	18302	1207	350
WA_A_THOM_MG_7543	81997	22219	4021
WA_A_THOM_MG_9384	7992	1999	397
WA_A_THOM_MG_9387	13287	2172	115
WA_A_THOM_MG_9389	1548	384	89
WA_A_THOM_MG_9420	27746	1964	545
WA_A_THOM_ST_7391	15484	2571	657
WA_A_THOM_ST_7393	9196	3887	1397
WA_A_THOM_ST_7416	5931	4445	689
WA_A_THOM_ST_7480	13210	1358	4170
WA_A_THOM_ST_7502	10709	5164	1235
WA_A_THOM_ST_7543	57841	24916	5437
WA_A_THOM_ST_7544	11609	3989	713
WA_A_THOM_ST_9420	27201	5954	1423
WA_A_VERR_EG_7607	4457	4541	498
WA_A_VERR_HP_9507	9361	1197	381
WA_A_VERR_MG_7606	6035	1961	164
WA_A_VERR_MG_7607	6867	1002	43
WA_A_VERR_MG_9507	8503	1623	153
WA_A_VERR_MG_9526	26664	4116	132
WA_A_VERR_MG_9611	50731	3242	865
WA_A_VERR_ST_9507	8022	3621	580
WA_A_WEBS_EG_7612	1320	476	80
WA_A_WEBS_EG_7727	4709	2412	524
WA_A_WEBS_EG_7731	6354	1630	398
WA_A_WEBS_GL_7638	105276	17545	5870
WA_A_WEBS_GL_7728	13564	5783	1196
WA_A_WEBS_GL_9609	10459	645	312
WA_A_WEBS_HP_7611	14504	2001	329
WA_A_WEBS_HP_7638	15424	3225	859
WA_A_WEBS_HP_7727	982	263	70
WA_A_WEBS_HP_9609	5178	1863	206
WA_A_WEBS_MG_7423	21593	1203	59
WA_A_WEBS_MG_7507	16491	4346	762
WA_A_WEBS_MG_7611	16686	2034	607
WA_A_WEBS_MG_7727	8114	329	30
WA_A_WEBS_MG_7729	5477	492	116
WA_A_WEBS_ST_7611	14215	3127	1234
WA_A_WEBS_ST_7638	12530	11744	2273
WA_A_WEBS_ST_7726	21485	338	270
WA_A_WEBS_ST_9610	21501	22620	9202
WA_E_SAMP_RB_7533	481	42079	8296
WA_E_SAMP_RB_7534	1364	7854	1486
WA_E_SAMP_RB_7535	943	23745	3721
WA_E_SAMP_WT_2670	10158	6468	1551
WA_E_SAMP_WT_2671	10395	7173	1517
WA_E_SAMP_WT_2672	11253	8217	1795
WA_E_SAMP_WT_2673	10846	8639	2088
WA_E_SAMP_WT_2674	6743	5887	1361
WA_E_SAMP_WT_2675	10151	4947	1033
WA_E_SAMP_WT_2676	6855	5443	1216
WA_E_SAMP_WT_2677	38108	21713	4624
WA_E_SAMP_WT_2678	30497	18410	4311
WA_E_SAMP_WT_2679	60372	47493	10661
WA_E_SAMP_WT_2680	34060	22328	4405
WA_E_SAMP_WT_2681	42972	33067	6753
WA_E_SAMP_WT_3023	18964	21083	4785
WA_E_SAMP_WT_3031	23401	17286	3872
WA_E_SAMP_WT_3039	17523	17146	4281
WA_E_SAMP_WT_3047	20114	13577	3095
WA_E_SAMP_WT_3051	21162	16132	3544
WA_E_SAMP_WT_3063	25645	19236	4375
WA_E_SAMP_WT_3071	26775	20948	5305
WA_E_SAMP_WT_3075	18281	16217	3596
EP_A_FASC_EG_9016	5571	821	277
EP_A_PANA_EG_9338	1491	5005	3122
EP_A_UTRI_GL_9134	4213	788	206
WA_A_NUTT_HP_9459	4305	2978	1450
EP_A_FASC_MG_8993	36022	4892	1073
WA_E_SAMP_RB_7531	149	5942	1349
WA_A_FLOR_GL_9658	6667	965	143
EP_A_HYEY_MG_8962	2117	899	2640
WA_A_CRIS_GL_7500	9224	990	66
WA_A_FORM_HP_7657	10516	2366	293
WA_A_THOM_HP_7393	7253	3009	660
EP_A_JAVI_MG_8379	21965	1729	272
WA_A_THOM_ST_7392	861	418	130
WA_A_CRIS_HP_9461	3872	3676	2079
EP_A_SAXI_EG_9239	3308	382	558
EP_A_GALA_EG_7370	2958	846	348
EP_A_AREN_HP_9196	2455	2026	554
EP_A_HEBE_MG_8937	20218	204	31
WA_A_CRIS_HP_7538	3039	2833	805
WA_A_FLOR_ST_9651	4766	3339	252
WA_A_BAHA_ST_7476	6955	1801	425
WA_A_BAHA_GL_7471	42003	23300	10057
EP_A_FASC_MG_9016	6898	260	132
WA_A_CRIS_GL_7499	26374	2716	210
EP_A_PANA_HP_9264	18236	717	181
WA_A_BOUV_EG_7581	1314	306	53
WA_A_PCWS_GL_9522	24040	15089	2715
EP_A_ROST_MG_9074	7189	471	131
WA_A_NUTT_HP_9405	1480	234	69
EP_A_JAVI_HP_7286	2397	3554	526
EP_A_GALA_HP_7365	23974	798	302
EP_A_GALA_MG_7368	24031	439	205
EP_A_HEBE_HP_7360	4737	4099	1424
EP_A_HEBE_MG_8936	13987	4407	915
EP_A_PANA_EG_9332	7316	3544	2046
EP_A_PANA_HP_7322	23437	670	106
EP_A_PANA_HP_7326	42435	1118	195
EP_A_PANA_HP_7327	30817	743	130
EP_A_PANA_HP_7329	31068	402	131
EP_A_PANA_HP_7331	35260	1131	189
EP_A_PANA_HP_8792	10529	1822	147
EP_A_PANA_HP_9021	33238	1608	243
EP_A_PANA_HP_9339	3954	166	35
EP_A_PANA_HP_9340	5570	346	64
EP_A_PANA_ST_9339	1685	573	121
EP_A_PANA_ST_9340	5024	557	102
EP_A_SAXI_HP_8686	31468	1859	137
WA_A_BAHA_ST_7515	3154	7535	1344
WA_A_NUTT_HP_9410	7999	320	59
WA_A_NUTT_ST_9410	5114	1802	712
EP_A_GALA_HP_7265	41475	932	203
EP_A_GALA_HP_7367	22517	312	72
EP_A_GALA_HP_8972	39679	2189	203
EP_A_GALA_HP_8979	17267	934	64
EP_A_GALA_HP_9164	12424	203	80
EP_A_GALA_ST_7370	20445	1326	144
EP_A_GALA_MG_8972	30570	962	283
EP_A_HEBE_MG_7359	14496	359	70
EP_A_JAVI_MG_8939	23992	4886	119
WA_A_BOUV_MG_7581	10654	1451	115
WA_A_THOM_HP_7502	28355	1828	507
WA_A_THOM_ST_7540	5637	3973	694
EP_A_SAXI_EG_9261	20615	3630	1249
EP_A_HEBE_HP_8937	1116	917	579
WA_A_NUTT_HP_9408	2147	88	39
EP_A_FASC_HP_8618	15401	2881	549
EP_A_HEBE_HP_9349	8272	1833	304
EP_A_JAVI_MG_7281	32529	5922	279
EP_A_JAVI_MG_7286	19681	496	27
EP_A_FASC_HP_9104	6412	224	65
EP_A_FASC_MG_9107	25825	830	828
EP_A_FASC_ST_9014	8652	2518	761
EP_A_HEBE_EG_9350	37929	5335	542
EP_A_HEBE_MG_8629	11433	120	15
EP_A_HEBE_MG_9350	15194	318	65
EP_A_HEBE_ST_8938	13185	12764	2125
EP_A_HEBE_ST_9349	2054	5233	560
EP_A_JAVI_MG_8377	9867	751	322
EP_A_JAVI_ST_8360	10417	4011	600
EP_A_PANA_EG_8792	7836	889	241
EP_A_ROST_HP_9072	3946	487	53
EP_A_ROST_HP_9075	18647	2012	480
EP_A_ROST_HP_9076	21493	1614	348
EP_A_ROST_HP_9121	24839	1460	400
EP_A_ROST_HP_9122	4837	393	84
EP_A_ROST_MG_9072	6860	660	123
EP_A_ROST_MG_9073	9778	1051	162
EP_A_ROST_MG_9076	24489	2858	815
EP_A_ROST_MG_9115	28755	612	149
EP_A_ROST_ST_9072	5576	550	124
EP_A_ROST_ST_9074	2455	1333	264
EP_A_ROST_ST_9075	27060	5858	1274
EP_A_ROST_ST_9076	25955	1019	236
EP_A_ROST_ST_9121	19513	976	290
EP_A_ROST_ST_9122	4834	1007	422
EP_A_ROST_ST_9194	4137	2243	391
EP_A_UMBO_GL_8669	8026	2046	702
EP_A_UMBO_HP_9266	4787	1904	536
EP_A_UMBO_MG_9126	1657	244	27
WA_A_BAHA_HP_7473	4195	3528	614
WA_A_BAHA_MG_7473	18705	773	283
WA_A_BOUV_GL_7587	8103	4791	1747
WA_A_CRIS_GL_9461	10431	7980	388
WA_A_FORM_ST_7712	7015	569	48
WA_A_PARA_ST_9478	22220	20919	3023
WA_A_PCNS_HP_7506	12181	6153	301
WA_A_THOM_HP_7543	49425	5661	362
EP_A_JAVI_GL_8943	32020	16013	3040
WA_A_BOUV_ST_7508	11663	11062	1308
EP_A_AREN_EG_9196	2085	2923	859
EP_A_HEBE_MG_8938	23627	1568	207
EP_A_PANA_EG_9131	4219	980	230
EP_A_PANA_EG_9339	1782	239	98
EP_A_SAXI_EG_9257	20424	1630	918
EP_A_SAXI_HP_9257	3151	1180	396
EP_A_SAXI_MG_9255	22680	226	134
EP_A_UMBO_GL_9126	1256	428	146
EP_A_UTRI_HP_9187	1737	3005	767
WA_A_BAHA_HP_7513	10801	1689	498
WA_A_BAHA_HP_7515	3374	3672	1153
WA_A_BAHA_ST_7654	6204	2733	1557
WA_A_BOUV_EG_7585	1786	496	49
WA_A_BOUV_EG_7586	15963	6688	374
WA_A_BOUV_MG_7509	12722	347	73
WA_A_BOUV_ST_7582	1617	892	428
WA_A_BOUV_ST_7586	10063	4458	828
WA_A_CRIS_EG_9461	9838	5524	1310
WA_A_CRIS_GL_7497	10639	3823	58
WA_A_CRIS_GL_7536	2584	675	448
WA_A_CRIS_GL_7538	2758	1500	333
WA_A_CRIS_GL_7636	26457	5506	212
WA_A_CRIS_GL_9471	10584	2150	102
WA_A_CRIS_HP_7497	13241	5443	1700
WA_A_CRIS_HP_7625	10724	12630	3782
WA_A_CRIS_HP_9463	17784	611	308
WA_A_CRIS_HP_9473	5693	2639	885
WA_A_CRIS_HP_9510	8639	1924	365
WA_A_CRIS_ST_7497	1101	1044	107
WA_A_CRIS_ST_7499	11543	11192	2020
WA_A_CRIS_ST_7625	9201	16290	3748
WA_A_CRIS_ST_9461	4394	3841	1522
WA_A_CRIS_ST_9471	980	1818	229
WA_A_CRIS_ST_9473	4674	3051	844
WA_A_CRIS_ST_9510	13131	1026	179
WA_A_FLOR_HP_9658	13067	10028	2269
WA_A_FLOR_HP_9663	7024	7898	1859
WA_A_FLOR_ST_9648	1729	2249	479
WA_A_FLOR_ST_9663	4151	4155	1316
WA_A_FORM_GL_7752	2208	2768	656
WA_A_FORM_HP_7402	20289	1752	287
WA_A_FORM_HP_7455	5518	87	17
WA_A_FORM_HP_7458	8600	2313	600
WA_A_FORM_HP_7550	22245	505	181
WA_A_FORM_MG_7455	9578	801	267
WA_A_FORM_ST_7456	9304	564	275
WA_A_FORM_ST_7658	6350	184	137
WA_A_FORM_ST_7748	10555	179	232
WA_A_NUTT_EG_9408	1010	208	52
WA_A_NUTT_MG_7525	4077	294	212
WA_A_PARA_HP_9486	40372	3626	138
WA_A_PARA_ST_7708	737	576	74
WA_A_PARA_ST_9364	3836	1449	1006
WA_A_PARA_ST_9399	3244	2529	755
WA_A_PCWS_MG_7555	20527	2761	153
WA_A_PCWS_ST_7442	14119	2016	99
WA_A_SIMU_GL_7718	4329	879	529
WA_A_SIMU_HP_7718	3645	2351	361
WA_A_SIMU_MG_7718	4156	2146	650
WA_A_THOM_GL_7420	9894	2413	286
WA_A_THOM_GL_7480	5717	861	129
WA_A_THOM_GL_7541	2219	339	63
WA_A_THOM_GL_9385	1137	151	40
WA_A_THOM_HP_7391	25057	448	156
WA_A_THOM_HP_7420	3842	162	64
WA_A_THOM_HP_9384	9913	1127	226
WA_A_THOM_HP_9385	1031	300	109
WA_A_THOM_MG_7420	15592	5816	1207
WA_A_THOM_MG_7480	1767	168	43
WA_A_THOM_ST_7541	10732	21105	2948
WA_A_THOM_ST_9384	11079	880	57
WA_A_THOM_ST_9385	487	781	185
WA_A_THOM_ST_9387	9798	8795	1084
WA_A_VERR_GL_9611	10891	17917	2856
WA_A_VERR_HP_7606	5699	723	210
WA_A_VERR_HP_7607	2781	2450	462
WA_A_VERR_HP_9611	13515	16189	6167
WA_A_VERR_ST_7607	3365	1973	630
WA_A_VERR_ST_9611	22971	17804	2740
WA_A_WEBS_GL_9610	2218	738	403
WA_A_WEBS_HP_7731	8804	710	82
WA_A_WEBS_HP_9610	2841	1864	627
WA_A_WEBS_ST_7507	15060	9985	1963
WA_A_WEBS_ST_7727	3567	586	100
WA_A_WEBS_ST_7731	5572	455	713
WA_A_WEBS_ST_9609	1820	1564	340
WA_A_FORM_ST_7657	2839	52	78
WA_A_FORM_HP_7658	11407	3034	275
WA_A_FLOR_MG_7696	23534	8811	434
WA_A_FLOR_GL_9659	133	317	54
EP_A_FASC_MG_8989	16636	983	130
EP_A_FASC_MG_8996	10697	3819	332
EP_A_FASC_ST_9016	3362	2030	412
EP_A_HEBE_GL_8984	18637	6485	479
EP_A_HEBE_HP_9350	20183	2049	1250
EP_A_JAVI_MG_8940	6970	1275	89
EP_A_ROST_HP_9124	8142	4186	101
WA_A_BOUV_HP_7584	12530	900	248
WA_A_BOUV_MG_7584	5141	1489	114
WA_A_BOUV_ST_7587	4045	4772	1539
EP_A_UTRI_ST_9133	3383	3534	647
EP_A_HEBE_ST_8984	11702	14768	1594
EP_A_HEPH_GL_8925	8838	4241	401
EP_A_JAVI_HP_8360	12190	2839	1091
EP_A_JAVI_ST_7280	5797	14190	1455
EP_A_JAVI_ST_7281	31075	11511	2199
EP_A_UTRI_ST_9068	2583	658	71
WA_A_BOUV_HP_7508	16781	927	174
WA_A_BOUV_MG_7646	17703	938	82
WA_A_CRIS_GL_9467	30004	5890	1247
WA_A_CRIS_MG_7632	5497	2455	632
WA_A_FORM_MG_7675	11723	136	116
WA_A_PARA_MG_7706	2496	126	25
WA_A_PCNS_EG_9515	35886	14492	2002
WA_A_PCNS_GL_7601	17103	3394	1532
WA_A_PCNS_GL_7603	7530	1670	406
WA_A_PCNS_GL_9515	36223	8478	1447
WA_A_PCNS_HP_7601	39074	1406	867
WA_A_PCNS_HP_9443	18382	4489	3188
WA_A_PCNS_HP_9515	11700	3627	1212
WA_A_PCNS_MG_7603	7858	1732	717
WA_A_PCNS_MG_7702	6520	1583	92
WA_A_PCNS_MG_9443	10644	132	31
WA_A_PCNS_ST_7554	2839	596	70
WA_A_PCNS_ST_7603	6822	3022	693
WA_A_PCNS_ST_9515	15388	8171	1223
WA_A_PCWS_EG_7450	1840	486	347
WA_A_PCWS_GL_7555	10306	1389	422
WA_A_PCWS_HP_7400	11461	3727	3093
WA_A_PCWS_HP_7410	2690	944	346
WA_A_PCWS_HP_9438	1669	249	48
WA_A_PCWS_ST_7444	15818	4623	932
WA_A_PCWS_ST_7559	16604	4456	871
WA_A_THOM_HP_7544	17379	338	110
WA_A_WEBS_HP_7728	12056	3038	128
WA_A_WEBS_HP_7729	8046	353	119
WA_A_WEBS_MG_7728	32617	7312	211
WA_A_WEBS_MG_7731	9666	499	42
WA_A_WEBS_MG_9411	1601	275	5
WA_A_WEBS_MG_9609	7208	1932	54
WA_A_WEBS_ST_7612	1185	54	18
WA_A_WEBS_ST_7728	21025	6761	1868
WA_A_WEBS_ST_9411	588	660	116
WA_A_CRIS_GL_9623	57271	1766	452
WA_A_CRIS_ST_7500	5558	11398	1547
WA_A_FORM_GL_7751	4242	4003	777
WA_A_FORM_HP_7457	1643	63	10
WA_A_FORM_HP_7751	7373	506	28
WA_A_FORM_ST_7455	12878	140	56
WA_A_NUTT_EG_9410	1	14	34
WA_A_PARA_HP_9399	9088	290	57
WA_A_PCNS_HP_7399	9419	3577	1237
WA_A_PCNS_MG_7554	7689	208	35
WA_A_THOM_ST_7420	1874	33	29
WA_A_WEBS_MG_7726	36284	649	350
WA_A_PCWS_ST_7672	10437	9962	4758
EP_A_FASC_HP_9014	6497	2342	853
EP_A_FASC_MG_9014	6762	4622	74
EP_A_ROST_GL_9194	4086	842	180
EP_A_ROST_MG_9120	13900	2315	523
EP_A_ROST_MG_9121	19510	536	164
EP_A_UMBO_HP_9126	1258	158	58
WA_A_BAHA_MG_7654	12786	3162	1041
WA_A_BOUV_MG_7588	14777	708	60
WA_A_NUTT_MG_9405	1899	64	44
WA_A_PCNS_EG_7715	6932	1969	859
WA_A_PCNS_GL_9374	8400	1685	582
WA_A_PCNS_HP_9374	10479	1609	92
WA_A_PCNS_MG_7715	11183	2120	430
WA_A_PCNS_MG_9374	10495	1520	78
WA_A_PCNS_ST_7715	1417	2195	1017
WA_A_PCNS_ST_9374	8448	5204	305
WA_A_PCWS_EG_7559	17586	4025	2797
WA_A_PCWS_GL_7442	15616	1517	1134
WA_A_PCWS_GL_7444	11615	1261	253
WA_A_PCWS_GL_7557	4906	3071	575
WA_A_PCWS_GL_7559	16444	2204	955
WA_A_PCWS_GL_7672	5050	1829	424
WA_A_PCWS_GL_9438	1271	231	79
WA_A_PCWS_GL_9439	42812	4392	3342
WA_A_PCWS_HP_7555	13479	1788	317
WA_A_PCWS_HP_7556	9443	636	84
WA_A_PCWS_HP_9439	10927	1605	806
WA_A_PCWS_MG_7556	12679	1607	118
WA_A_PCWS_MG_7557	7015	467	38
WA_A_PCWS_MG_7558	20040	5123	135
WA_A_PCWS_MG_7559	8945	1785	22
WA_A_PCWS_MG_9438	1990	238	16
WA_A_PCWS_ST_7400	21273	2044	483
WA_A_PCWS_ST_7441	19863	6077	1628
WA_A_PCWS_ST_7443	2255	1095	182
WA_A_PCWS_ST_7555	11139	4776	1308
WA_A_PCWS_ST_9438	432	325	821
WA_A_PCWS_ST_9439	8254	1293	282
WA_A_PCWS_ST_9440	2900	2152	481
WA_A_PCNS_MG_7552	4691	2233	34
WA_A_PCNS_MG_9519	1964	462	11
WA_A_PCNS_HP_9519	9401	1897	923
WA_A_PCNS_HP_7552	4626	2196	256
WA_A_FORM_ST_7402	14733	1565	154
WA_A_THOM_HP_9389	8393	106	65
WA_A_THOM_ST_9389	100	76	21
WA_A_PCNS_HP_7554	4605	357	140
EP_A_FASC_GL_8992	3069	1324	96
EP_A_FASC_MG_8991	3612	1900	838
EP_A_HEBE_HP_8938	13802	10170	3403
EP_A_ROST_HP_9120	4776	795	1224
EP_A_ROST_ST_9120	8693	10462	3545
WA_A_BOUV_MG_7580	6948	2040	405
WA_A_CRIS_EG_9473	1910	275	57
WA_A_CRIS_GL_7632	6961	607	537
WA_A_CRIS_GL_9621	16779	491	156
WA_A_CRIS_HP_7499	15060	17839	3925
WA_A_CRIS_HP_7632	5471	2741	962
WA_A_CRIS_ST_7536	1270	1888	252
WA_A_CRIS_ST_7632	5592	3020	612
WA_A_CRIS_ST_9467	4281	27115	5587
WA_A_CRIS_ST_9623	2663	3691	486
WA_A_PCNS_GL_9513	7953	1583	669
WA_A_PCNS_HP_9513	671	562	52
WA_A_PCWS_EG_9438	893	200	88
WA_A_CRIS_GL_9624	113	55	26
EP_A_HEBE_EG_9349	9009	1881	743
EP_A_HEBE_GL_9349	9946	1034	188
EP_A_HEBE_HP_7358	14045	4417	2181
EP_A_HEBE_HP_8987	11577	285	140
EP_A_HEBE_MG_8987	10543	5554	434
EP_A_JAVI_GL_7280	22063	4052	1198
EP_A_JAVI_GL_7286	8057	2751	945
EP_A_JAVI_GL_8360	36400	4563	1116
EP_A_JAVI_HP_7280	3282	1862	1846
EP_A_JAVI_HP_8943	6039	5046	1458
EP_A_JAVI_MG_7304	26884	1905	111
EP_A_JAVI_MG_8943	15470	526	156
EP_A_UTRI_GL_9187	4974	569	111
EP_A_UTRI_MG_9068	1298	2091	306
EP_A_UTRI_ST_9187	4137	2396	518
WA_A_BOUV_GL_7580	888	360	169
WA_A_BOUV_HP_7587	3688	1330	516
WA_A_BOUV_MG_7508	5775	2566	38
WA_A_BOUV_ST_7588	7685	14616	1465
WA_A_BOUV_ST_7645	6032	4024	1186
EP_A_HEBE_MG_8983	7420	177	80
EP_A_MILL_HP_7336	3135	740	316
WA_A_BOUV_HP_7646	24006	7288	1411
WA_A_BOUV_MG_7585	7191	199	26
WA_A_CRIS_HP_7536	731	18	10
WA_A_CRIS_HP_9624	2142	1400	363
WA_A_CRIS_ST_7538	4776	6707	1638
WA_A_CRIS_ST_9621	9361	5177	2359
WA_A_FLOR_EG_7685	908	3591	1590
WA_A_FLOR_GL_9433	16022	5539	651
WA_A_FORM_HP_7675	9606	178	136
WA_A_PCNS_GL_9442	2190	658	411
WA_A_PCNS_GL_9516	30307	13703	4231
WA_A_PCNS_HP_7445	10109	651	358
WA_A_PCNS_HP_7702	10646	2312	141
WA_A_PCNS_HP_7715	2295	2041	251
WA_A_PCNS_HP_9516	13759	4807	1585
WA_A_PCNS_ST_7445	1173	1328	393
WA_A_PCNS_ST_9516	20197	7298	4361
WA_A_PCWS_GL_9440	2092	538	144
WA_A_PCWS_HP_9440	3962	698	78
WA_A_PCWS_ST_7410	1725	2912	477
WA_A_SIMU_MG_7717	7500	2112	596
WA_A_PCWS_ST_7556	11563	113	25
WA_A_PCWS_HP_7450	10067	3073	1929
EP_A_HEPH_HP_8925	3192	3139	1148
WA_A_FORM_HP_7752	5718	1476	979
WA_A_NUTT_ST_9408	1043	84	42
WA_A_PCNS_HP_7604	2812	555	416
WA_A_VERR_MG_9501	299	1011	4
WA_A_PCNS_MG_9442	6336	477	74
WA_A_PCNS_MG_7601	34899	1950	633
WA_A_PCNS_ST_9443	22148	16623	2391
WA_A_PCNS_HP_9442	3034	518	136
WA_A_PCNS_MG_7399	21638	6291	239
WA_A_PCNS_MG_7604	9981	323	126
WA_A_WEBS_EG_9610	1756	177	22
WA_A_FLOR_GL_7685	1280	507	68
WA_A_PCNS_ST_9442	1908	1177	407
WA_A_PCWS_MG_7410	16906	486	71
WA_A_NUTT_MG_7389	2726	102	6
WA_A_NUTT_MG_9408	1611	97	50
WA_A_PCNS_MG_7445	5950	69	22
WA_A_PCNS_MG_9513	531	7	3
EP_A_FASC_MG_8990	6095	651	153
EP_A_HEBE_ST_8937	360	1642	141
EP_A_JAVI_MG_8981	9959	1144	214
WA_A_CRIS_ST_9624	8910	18248	3819
WA_A_PLAT_EG_9369	1349	1001	2381
WA_A_BOUV_MG_7582	2437	55	7
